      1.76303041      3.71878326
      1.64386852      4.51308953
      1.62866112      1.82649641
      1.00436287      2.91729930
      1.86383741      1.80068983
      1.43754086      4.30413859
      1.35435458      5.83871741
      1.14762878      1.37711256
      1.32758711      6.14886063
      1.33495515      2.67400830
      1.17842570      5.77082615
      1.50463515      1.49969588
      1.84349544      5.86609283
      1.80277563      3.70736085
      1.98123117      5.56618286
      1.10035430      1.26745890
      1.27522431      3.80667140
      1.41399115      1.15345357
      1.80247676      3.10278073
      1.94322640      4.05150651
      1.66189115      3.28314278
      1.25504920      4.13477171
      1.90650635      5.00794269
      1.83767217      1.83230144
      1.60633995      3.87704688
      1.10218341      5.74643371
      1.53577807      1.75685883
      1.74036890      5.06292228
      1.46462057      0.60637798
      1.27517111      0.30817456
      1.75258637      5.34578073
      1.16166631      4.26758707
      1.51236873      5.28187528
      1.68896734      4.57149458
      1.58308748      4.90652882
      1.01686538      0.93518316
      1.33673393      2.72658674
      1.02630862      4.36281710
      1.47382927      4.23358998
      1.07310470      1.15877368
      1.47584063      4.32543622
      1.80162416      2.44211484
      1.99098099      0.62860923
      1.13128499      2.50410428
      1.83901138      0.50760146
      1.86112951      1.56742938
      1.16723237      0.98862209
      1.06334183      2.11638327
      1.75567227      4.20224099
      1.37494567      0.20602728
      1.24566484      4.88517551
      1.91421585      3.36139642
      1.05407451      1.50945573
      1.25117432      3.33368126
      1.05910962      3.62844403
      1.34508658      3.50680828
      1.22325123      4.23261240
      1.70328195      5.59878556
      1.53187205      5.67132919
      1.33147934      1.79244461
      1.22777300      6.22110411
      1.73434489      0.40621120
      1.69793277      1.02513723
      1.22842756      5.84905573
      1.81252011      3.67236955
      1.55887080      5.11567779
      1.77421599      3.36105541
      1.52284372      3.63060298
      1.84447174      5.67470110
      1.26185128      5.38433122
      1.70618657      4.28917523
      1.16935874      2.95362587
      1.71062264      4.71367197
      1.57394431      2.02806108
      1.48715163      5.16940541
      1.97206728      2.36311472
      1.39243732      4.46939679
      1.96863785      0.63052146
      1.74757865      5.70750129
      1.62135384      2.00575882
      1.35439930      4.30892434
      1.91566439      0.72150705
      1.56314672      2.82987859
      1.98848874      1.35570904
      1.97714453      2.94281753
      1.87604152      5.39502218
      1.52216380      2.63383954
      1.64452099      4.32447757
      1.27014610      4.63643854
      1.65231764      0.38678526
      1.64189627      4.60309882
      1.24923251      4.59848003
      1.94445911      2.71552002
      1.47082890      2.58561084
      1.41782749      1.53952287
      1.90096944      0.45657182
      1.99403822      0.58015432
      1.38389045      5.49632167
      1.99673113      2.87276035
      1.83960763      2.47410129
      1.88863130      3.46350978
      1.58116971      1.25836401
      1.55002140      4.00678499
      1.28030588      4.10633090
      1.54677067      5.49455251
      1.61036499      1.78944762
      1.17260329      5.20681135
      1.34745204      4.90797478
      1.86084103      2.55463387
      1.28893485      4.93298708
      1.66879965      0.56458734
      1.17164393      5.41548781
      1.58096088      5.09037731
      1.11448353      4.13213982
      1.84637848      0.61368398
      1.73831142      4.34980564
      1.10350875      1.50139990
      1.80478566      4.10405072
      1.41580707      0.58273724
      1.31907117      1.98003263
      1.87716852      2.94906844
      1.96871360      5.74885978
      1.84180487      4.82048603
      1.38300605      0.45790759
      1.27888828      3.09623700
      1.94827398      6.05851605
      1.96545214      4.33444510
      1.13496919      2.73977706
      1.72569843      1.38767918
      1.79218965      4.60770771
      1.87484254      3.37524793
      1.74583992      5.07339062
      1.29267741      3.45634628
      1.31583561      0.57323950
      1.19993947      1.14169193
      1.23473267      3.54883006
      1.70190449      4.90654830
      1.29657375      2.83457988
      1.64392913      0.67303078
      1.00889743      4.09615657
      1.99528721      2.07929969
      1.07276769      5.16301370
      1.73337507      6.05041951
      1.74851911      2.72164794
      1.25476954      0.53643826
      1.04929362      3.09054662
      1.30065433      3.41902846
      1.50857385      3.31528781
      1.75294808      5.66373868
      1.86880602      2.58445376
      1.82750788      4.34411913
      1.82229756      0.07470309
      1.48678059      5.62670272
      1.90882172      3.24636306
      1.19049470      3.97482173
      1.47769855      3.19952257
      1.52618485      3.12019816
      1.82560663      3.41017306
      1.12048297      4.33669398
      1.13032788      1.48071963
      1.85184329      1.97124999
      1.94320726      3.08398161
      1.34592506      6.15047278
      1.20920840      4.17584059
      1.83272175      4.96969242
      1.76948390      3.68421730
      1.61522486      3.80212498
      1.71410992      6.14885227
      1.55908745      4.09348689
      1.79894736      4.49554653
      1.95133531      4.11854837
      1.68555729      4.49120552
      1.48208255      1.31532096
      1.74235730      5.73503054
      1.84366977      2.68029601
      1.17077238      3.89115452
      1.53286236      3.37132103
      1.77084739      3.51817155
      1.22159890      5.47649151
      1.48789306      4.08897228
      1.95453067      5.64757557
      1.81943120      4.89629746
      1.94844048      1.41157905
      1.52243589      2.19059760
      1.88931376      4.44006756
      1.36569508      2.72835211
      1.98376497      5.79951197
      1.13574422      6.06723798
      1.01670621      5.91745077
      1.33611155      5.52219177
      1.58655593      4.12844775
      1.35556824      3.06982607
      1.94787034      3.54241581
      1.38604208      1.01146294
      1.38133687      4.88986380
      1.36490996      2.52296851
      1.65226273      3.45031858
      1.22948057      1.37507423
      1.21865855      2.54223873
      1.93220799      2.15999989
      1.01706939      2.43344019
      1.68759742      0.10014154
      1.32011390      3.45013676
      1.67003080      3.61803545
      1.69890068      3.87760224
      1.96570204      2.01291092
      1.59881165      2.00717592
      1.31496442      3.67400016
      1.79129858      1.54763581
      1.61623645      0.94727289
      1.95785022      1.98397630
      1.19746790      4.25530741
      1.66493991      3.87146935
      1.47639768      3.71419645
      1.71765443      4.94349272
      1.12567799      0.89962774
      1.86908661      0.97710905
      1.58613118      0.26142386
      1.45320648      5.01081031
      1.59276497      4.31606124
      1.96902631      1.97831357
      1.47226230      4.66042597
      1.12450659      4.43854220
      1.05622116      4.27948701
      1.07142829      3.60841255
      1.52028581      4.12172964
      1.71331057      2.40499620
      1.84763096      1.46791008
      1.97929616      5.63995308
      1.97428837      2.02608282
      1.77352277      1.69516350
      1.55884496      2.94111185
      1.06405060      1.07337724
      1.46606897      1.76323865
      1.28153958      3.84001540
      1.24002605      3.33313797
      1.74609654      4.48234749
      1.61405429      1.25355930
      1.99015102      6.12811068
      1.20751032      2.17750058
      1.79569565      5.95845193
      1.49267638      0.50774494
      1.41021004      3.94768827
      1.80564634      1.45883518
      1.16957219      6.19156685
      1.79913198      3.97638188
      1.58949859      2.70680013
      1.29431737      5.71367647
      1.95501891      0.70166755
      1.75188377      2.74444978
      1.59889338      2.78572743
      1.51240145      0.98904022
      1.55955565      2.10783298
      1.80683447      3.19040787
      1.55555216      4.50397205
      1.66498588      5.58658662
      1.79031780      2.34199628
      1.85664764      3.26632223
      1.42172453      0.99683970
      1.69467971      2.92473337
      1.81127961      6.10578702
      1.29089664      1.61850411
      1.85137623      1.94704887
      1.73315910      5.48779354
      1.54688397      5.74357613
      1.67897051      4.00186804
      1.46139483      0.52870516
      1.77576835      6.19168268
      1.37068674      5.16085395
      1.02263816      2.33279103
      1.85869940      0.02036705
      1.69694485      2.72780041
      1.98238163      3.11979036
      1.38707031      5.11967167
      1.88287667      5.38750153
      1.56590302      1.40116406
      1.28577677      4.67996559
      1.78838437      3.96834244
      1.57674892      4.90964505
      1.93144180      1.94166444
      1.42135426      6.16702835
      1.30524929      0.88009963
      1.57165364      1.91113767
      1.53645170      2.57114290
      1.50002042      5.00698524
      1.20421440      3.25889174
      1.04669242      1.92740412
      1.09185452      4.90751028
      1.16364026      1.12060124
      1.83274186      4.93413662
      1.07893566      1.18808573
      1.53451092      3.07262763
      1.74341166      1.19372975
      1.87070110      4.68739459
      1.89092608      0.42552480
      1.77512346      4.88485883
      1.39850784      3.84330369
      1.19572404      3.73967881
      1.17153808      4.76405470
      1.18831375      5.81505129
      1.73236363      2.67570338
      1.80700496      3.20248405
      1.62106348      3.11264690
      1.10610325      3.47114437
      1.66862652      1.09064464
      1.45706280      5.86149804
      1.10326439      2.80545996
      1.41861825      2.64584038
      1.24670200      6.00447795
      1.92808694      2.48514770
      1.59940884      1.28511986
      1.46993214      2.56576615
      1.98169008      4.66121290
      1.67991581      3.59009946
      1.73074790      3.94401587
      1.81453560      2.25188437
      1.10890028      4.41413798
      1.29283073      1.45937124
      1.78573857      2.34741167
      1.79218515      4.77655406
      1.86047664      4.38436365
      1.73251758      2.67878156
      1.70229190      4.74827619
      1.11394184      2.46532589
      1.96453830      5.52235615
      1.32729711      0.98072553
      1.93055689      0.45522497
      1.75007109      5.58088432
      1.36113958      1.06770586
      1.82469652      1.42259118
      1.44261458      5.62381732
      1.51299382      3.68424203
      1.95429154      3.06397808
      1.80202565      2.82801148
      1.81065415      0.43567928
      1.71998688      5.29396201
      1.81704372      1.14408625
      1.52467546      2.10702898
      1.92708824      4.11738641
      1.08360993      0.84021437
      1.56486929      4.97479635
      1.67103326      3.73575820
      1.73939133      5.70065131
      1.37205037      2.70565975
      1.69310226      5.61998874
      1.44973290      4.24017192
      1.92506895      2.25377663
      1.09542626      2.22546824
      1.43280927      4.70946243
      1.69301124      4.81958026
      1.98369521      0.90905892
      1.19633993      0.38603595
      1.94840047      1.23746580
      1.77510187      1.32688152
      1.26366695      4.28151340
      1.72487569      6.18186942
      1.11516454      4.42278873
      1.80941650      4.27868487
      1.41400728      5.53783494
      1.75898994      0.08227899
      1.60085682      4.55517055
      1.96654314      1.82132085
      1.71155502      2.74837026
      1.12143093      1.68276051
      1.18185413      3.63457061
      1.71215755      3.10965436
      1.84612305      2.85532389
      1.13023917      0.65223627
      1.62970306      5.77099351
      1.99397639      3.73744494
      1.12407250      0.80366651
      1.07470454      3.31383645
      1.62993511      0.18481970
      1.35063149      1.06456010
      1.76644535      0.42540364
      1.76536868      3.37353255
      1.75833603      4.76725929
      1.57763446      2.65204376
      1.82451666      4.56639794
      1.22400153      5.79020770
      1.52195066      5.18116821
      1.41711892      6.10723849
      1.06729112      3.53200945
      1.59089653      6.10004679
      1.15386566      5.80219028
      1.00523465      4.45343306
      1.58490525      2.17217817
      1.64557756      1.83236691
      1.96048628      1.40170393
      1.33634457      3.11149529
      1.30504419      1.80580028
      1.18973405      5.31381102
      1.91998623      3.53865027
      1.01850902      5.19958846
      1.04829600      3.85171150
      1.72911651      1.70154572
      1.86563306      0.38138494
      1.74085451      1.64474406
      1.65485945      5.24383383
      1.08985966      3.56179483
      1.94055663      4.24850542
      1.89944635      3.26997898
      1.28162758      0.45312603
      1.98436972      2.77682985
      1.34409899      4.32541960
      1.72705716      4.20808659
      1.62882221      6.10353405
      1.73569670      3.14332497
      1.06626783      3.60786122
      1.67761381      1.74730563
      1.23336089      4.78207658
      1.28200571      1.00649191
      1.49071941      4.05967472
      1.77152703      1.10615830
      1.90946991      5.79893282
      1.60962034      2.71381711
      1.35992405      5.12039818
      1.08866966      2.21830418
      1.47016299      4.74411777
      1.06843485      4.45072329
      1.96742895      1.78015939
      1.30584420      5.11046945
      1.54629146      6.09265380
      1.45724399      5.66409623
      1.08229121      2.51258448
      1.87081183      1.96177106
      1.86448686      3.68113541
      1.18124255      4.71044437
      1.46296264      2.48480253
      1.25577878      3.63865613
      1.70913456      0.71665725
      1.42185298      3.10005849
      1.93072057      3.16006246
      1.35071557      5.35229364
      1.86814520      2.15797504
      1.72202241      4.82748732
      1.52158552      3.66148807
      1.27817834      4.37308579
      1.87254868      0.74330325
      1.30366285      2.12847336
      1.52589241      1.33197944
      1.74805764      4.51735217
      1.25229254      2.07808583
      1.34359156      0.53378057
      1.04499430      1.09769499
      1.97875809      2.58508514
      1.97777858      4.45629533
      1.37944386      4.53323990
      1.14242086      4.80911399
      1.79369844      4.09733158
      1.84564479      1.90599151
      1.62940605      2.69856251
      1.98118243      0.00798360
      1.33599118      3.82000722
      1.52255275      3.70590592
      1.70288475      0.43150857
      1.02571091      0.50657602
      1.47784679      2.08577691
      1.45655024      2.17620626
      1.12054787      3.03193354
      1.16696140      1.13743012
      1.66058346      5.19585675
      1.75524609      0.84482088
      1.67151599      3.57905634
      1.82403890      3.21042057
      1.21667120      0.53811078
      1.52756031      2.76370448
      1.26334916      0.32810554
      1.31781433      2.56627769
      1.35922130      2.70940328
      1.44063657      3.60735823
      1.59957550      3.90556550
      1.78229999      4.73723823
      1.95276664      6.01223643
      1.82948907      2.76860187
      1.60287847      2.91780987
      1.99950074      3.65867351
      1.02567067      1.35066163
      1.69113823      1.50089789
      1.68804113      5.31936880
      1.74772721      0.44404785
      1.12340651      4.91273964
      1.24287531      4.21343074
      1.92967920      2.83328092
      1.93322692      1.67353599
      1.66244565      0.96143354
      1.56946045      4.33312529
      1.78550553      5.29992546
      1.94396444      5.97422261
      1.56068734      2.50777215
      1.37994695      0.68502039
      1.55149323      2.32417772
      1.38357564      0.91176225
      1.38124771      1.18351974
      1.97390082      0.21261777
      1.28995046      5.67217054
      1.58621367      6.24271821
      1.07326175      3.98791932
      1.82366455      0.07519362
      1.16962701      4.12562361
      1.14027877      3.65254099
      1.54205067      2.23100315
      1.57518923      6.00337824
      1.76300398      1.76939528
      1.83160737      5.24294890
      1.63821461      0.45844519
      1.81785937      4.31973583
      1.53836438      1.42887355
      1.28972553      1.12115080
      1.80485040      4.24041700
      1.49792712      3.29367643
      1.94915889      2.76741814
      1.46738155      5.60731838
      1.39064570      0.42180392
      1.65487630      3.35035681
      1.25059540      3.37944417
      1.11989227      5.70816807
      1.89634390      1.28536448
      1.98273046      0.83290518
      1.70837763      2.31054221
      1.52259228      5.09514450
      1.50480215      2.82686830
      1.19921885      4.98462890
      1.95427471      1.89733814
      1.97663912      3.45373978
      1.75323196      3.84663423
      1.53734600      4.59807250
      1.64361648      1.33089210
      1.39233856      2.44756237
      1.83796387      5.11347687
      1.99637117      3.80583100
      1.86679014      3.55372711
      1.82416354      5.29655513
      1.85491190      4.51958685
      1.04425967      5.91878769
      1.28891687      1.86132832
      1.24869159      5.87618793
      1.34741262      4.13847368
      1.37565887      2.56402093
      1.67857184      2.85950521
      1.18265391      3.68091029
      1.43135204      2.87626055
      1.90326430      2.53439151
      1.15886388      3.28444827
      1.68797816      4.88954288
      1.67972900      0.81817624
      1.16706367      4.42719051
      1.82490517      3.39847032
      1.20025756      1.09203089
      1.33352158      4.11090698
      1.49871804      5.72880861
      1.36806573      3.93231463
      1.98493833      5.16244429
      1.73679840      5.09536268
      1.64304837      3.70207202
      1.80539770      3.00370163
      1.87042215      1.85666532
      1.37667310      0.37572800
      1.99326070      0.39214613
      1.72858069      0.88305281
      1.65551528      5.03233010
      1.39959060      1.82187861
      1.40959257      1.95838226
      1.70026764      5.58063349
      1.78685581      0.17557101
      1.20114264      1.46958329
      1.43093833      2.09725917
      1.99167911      5.03600086
      1.57082793      3.31630719
      1.12665937      2.40108331
      1.00309144      0.56155285
      1.39585260      5.78416563
      1.63110672      3.93681063
      1.93453784      1.13537117
      1.31710754      5.53440072
      1.43190433      0.60191346
      1.38910912      2.51360257
      1.46731480      1.53909426
      1.45427298      0.63321433
      1.81119252      2.61162992
      1.53675836      0.17374020
      1.17829242      2.89911803
      1.47966385      0.68976494
      1.50268927      2.33904716
      1.44318781      5.11018477
      1.95107289      1.52995699
      1.86093260      5.51068195
      1.67767013      2.67247813
      1.36995919      3.97432970
      1.95761774      1.23875330
      1.25594593      5.49507131
      1.81174697      3.60921978
      1.81088078      3.43815948
      1.15192404      1.95415937
      1.40877367      3.12915969
      1.12654365      4.28047721
      1.03476587      0.48964792
      1.82354940      2.21392727
      1.15500375      5.22529560
      1.67175633      0.46872402
      1.10186094      4.67674147
      1.94047494      0.45905810
      1.96791880      2.01997677
      1.80833312      4.29164627
      1.77342864      0.67542013
      1.67752300      3.10444383
      1.14183656      5.62098166
      1.98451993      0.49656597
      1.78329430      1.14219743
      1.02668867      4.08716750
      1.58710284      2.00882081
      1.54584012      2.42839405
      1.13245903      3.28472283
      1.68746468      2.19761137
      1.78978117      6.04815526
      1.56600417      5.00595862
      1.66890192      4.60043792
      1.69358711      5.26884458
      1.93502615      3.51698780
      1.89099821      2.43314725
      1.17144377      1.43057763
      1.29243177      2.63190732
      1.78523826      3.53366610
      1.96595447      4.77358332
      1.99480669      4.40522936
      1.29406315      3.77401444
      1.01777736      5.27443134
      1.93545713      4.41453719
      1.71049286      4.28598209
      1.78814838      1.11656137
      1.95761732      1.18742379
      1.89582311      1.02659715
      1.93618057      0.58181105
      1.96933168      4.14615027
      1.03481703      5.58764907
      1.86314222      0.82761676
      1.89013290      4.86910709
      1.99762915      4.93978206
      1.11094298      1.41406252
      1.57485126      4.89557792
      1.32674635      0.30205017
      1.50026314      2.63253303
      1.43080114      3.55865487
      1.99493271      4.09804633
      1.47299683      3.50625931
      1.81206169      4.12990195
      1.53343171      5.21048649
      1.40571413      3.60341519
      1.68819184      4.41221846
      1.96690678      1.59715825
      1.47670884      1.17753738
      1.36830594      4.67862849
      1.63527793      5.18458471
      1.38491422      3.18677407
      1.30629813      1.93377579
      1.82011697      5.66761689
      1.91451097      0.78563500
      1.54590128      1.82154729
      1.77511623      6.07184528
      1.57256370      5.14079736
      1.93051875      4.34734417
      1.43458262      2.55248959
      1.41560669      1.06325932
      1.72358288      2.89284813
      1.16560768      0.57255325
      1.74433171      4.26966554
      1.65007469      1.68317077
      1.25494194      1.65343564
      1.65101006      0.65476269
      1.19216391      1.76994840
      1.92908375      4.37418493
      1.49155228      3.94777511
      1.22967891      1.99984571
      1.83822246      2.31198145
      1.75639625      3.45263439
      1.97866766      4.75894867
      1.57107515      1.37613732
      1.88765217      1.30337180
      1.74186425      2.69559419
      1.48817662      1.31448385
      1.56196973      6.00699800
      1.81278672      4.74977125
      1.66379961      5.15635240
      1.53394971      3.39927544
      1.66836230      1.63453033
      1.40040523      3.69097522
      1.83184470      4.90690954
      1.97653875      0.17719747
      1.20564224      5.72058477
      1.45124112      2.90248655
      1.95601400      3.76568835
      1.29750645      0.97871091
      1.95764015      0.56079462
      1.99784748      4.71095208
      1.58016314      0.04274402
      1.51680506      1.12063583
      1.53553520      2.15051163
      1.77599311      4.56736750
      1.19588928      5.86698087
      1.45208394      5.64037720
      1.14728232      4.74408973
      1.18747393      1.02389800
      1.56332536      5.44677955
      1.87639518      4.29282998
      1.02334157      5.53902193
      1.65699607      0.71630536
      1.25577990      3.05822153
      1.30682206      1.17355791
      1.81003972      5.96765811
      1.75363856      2.48746325
      1.98039492      3.55059203
      1.78878679      1.98080151
      1.80042176      1.82375526
      1.46774835      3.52857315
      1.57395409      6.11618297
      1.47626636      1.33491113
      1.98258620      3.73200160
      1.18433968      5.58399959
      1.90914874      5.00998077
      1.19215712      3.31975881
      1.80036522      2.80617359
      1.45014548      0.67547250
      1.95746714      0.45241893
      1.29358341      2.18855108
      1.06342091      4.88060466
      1.11376463      5.55940734
      1.30691408      1.09991217
      1.73433892      3.96486081
      1.19411645      2.72889431
      1.66950631      5.06070370
      1.40010823      6.12303619
      1.82704548      0.81933945
      1.56801487      3.21718774
      1.66436782      4.18384768
      1.59811802      5.17935597
      1.18423101      4.63545624
      1.46644637      5.03691077
      1.86161875      3.84439848
      1.90749328      4.03417587
      1.40527250      4.56412040
      1.29831232      0.43682013
      1.55157054      3.53409875
      1.09708651      1.89968958
      1.42439751      0.03026254
      1.42255095      1.84265808
      1.23255127      2.54503147
      1.56376186      2.47424186
      1.63063834      0.68854321
      1.99887451      3.00979054
      1.46643426      2.49347571
      1.70307016      4.92518435
      1.50463550      0.27498173
      1.87856151      3.34320404
      1.68765787      3.83031168
      1.23385039      3.84893742
      1.08192217      1.70093754
      1.59023356      0.55783276
      1.83668908      2.12263512
      1.27094968      5.15591395
      1.81105325      1.38400957
      1.93856011      4.34998444
      1.10659858      3.17133918
      1.14467776      3.32936534
      1.77480095      3.16603745
      1.80335541      1.31836913
      1.32049909      5.68341122
      1.96891993      1.04421796
      1.94072752      2.45220176
      1.37390062      4.11708755
      1.25588458      1.58308178
      1.59729791      3.40157351
      1.42120508      4.82563112
      1.14615748      3.74288183
      1.11447927      5.94860399
      1.43706946      1.98812618
      1.61135163      3.61904253
      1.99034277      0.21741633
      1.61337922      5.89470684
      1.58663670      5.23593049
      1.67848148      4.65579979
      1.48313600      2.78672962
      1.44316922      4.47728235
      1.75703576      3.37752221
      1.15582952      2.17148748
      1.73856101      6.25528022
      1.57699095      0.28267248
      1.95667024      5.74101870
      1.48653616      5.82746131
      1.41428579      1.69746374
      1.61914737      1.33585241
      1.90541309      3.59620290
      1.79557053      5.00318252
      1.77169403      5.52326375
      1.33979085      5.54254011
      1.19251481      5.38782002
      1.32821668      0.37777273
      1.72557707      5.15577422
      1.93055875      3.22247377
      1.39745410      3.95649456
      1.61746488      0.77624954
      1.13825207      2.41296044
      1.29252137      4.84701525
      1.38761945      5.10428313
      1.87092299      5.51321697
      1.51431872      0.93941283
      1.78442177      2.91619314
      1.43054792      5.64142259
      1.33436099      4.17068361
      1.70168109      5.06737138
      1.24397316      2.42743581
      1.80117241      0.94920260
      1.67518698      5.66937066
      1.64871427      1.95210589
      1.43789983      4.53288309
      1.77727601      0.36763818
      1.06118126      5.28255121
      1.10863176      1.07531594
      1.62705076      1.37892237
      1.81938531      1.66158751
      1.39394115      5.92005582
      1.03218368      1.56835627
      1.08101089      5.39045261
      1.97274538      1.52058646
      1.58319768      2.88348330
      1.18630381      0.78310902
      1.70181444      0.76780427
      1.53402220      4.27845187
      1.88740342      0.44366612
      1.02119681      0.07998609
      1.33945151      2.04623990
      1.67066354      2.57185827
      1.94836444      1.02829624
      1.75554636      0.29623916
      1.07460507      1.06578545
      1.74004158      0.28348331
      1.85623410      2.02550168
      1.78644751      1.52241446
      1.84049605      1.11104512
      1.45677145      1.75009299
      1.47812396      2.61076026
      1.37693661      5.37437419
      1.68098694      2.91309246
      1.75860039      4.84943810
      1.10521079      2.81055111
      1.12160647      3.16828507
      1.64414684      4.58236284
      1.70841960      0.70822210
      1.34129543      4.58249910
      1.99980900      2.93059026
      1.83131666      0.64702276
      1.69601466      3.01963275
      1.22160181      2.89282109
      1.85676142      5.14953533
      1.48704318      2.46264619
      1.20927033      2.12473939
      1.34793522      2.86236904
      1.49207121      1.11622205
      1.87456018      5.15520180
      1.82433140      0.41980390
      1.14282520      3.43945352
      1.06220795      4.69741747
      1.64346130      1.61948940
      1.14397881      1.65295569
      1.44283680      4.97832323
      1.93471707      6.06068713
      1.84636906      5.48038566
      1.59884091      3.28272788
      1.02851104      0.75327110
      1.77585430      1.46615681
      1.28238210      5.99125420
      1.85762845      5.05276370
      1.95460596      5.13855054
      1.11159011      0.36329609
      1.21874242      1.17429299
      1.59306538      5.26946670
      1.38052306      1.72188557
      1.31015321      0.14975664
      1.48126701      3.88663508
      1.83782035      0.45277544
      1.15787290      4.86833959
      1.19450374      0.52936961
      1.88207850      3.88969322
      1.34829672      3.28062528
      1.92829533      4.37675581
      1.15422829      3.23977113
      1.40882190      4.45621320
      1.13542861      4.48642891
      1.44306948      0.95565629
      1.36688520      4.85559604
      1.32713556      4.30717492
      1.83524724      2.11892383
      1.60621314      1.39349173
      1.45620752      3.59685937
      1.94017897      2.24638295
      1.80063202      5.03941827
      1.40448121      5.15984329
      1.97165866      2.02363328
      1.93955227      5.58860098
      1.91072657      5.26749676
      1.77239514      4.70285090
      1.99196926      4.09622228
      1.10259766      4.98455883
      1.72862688      1.44664340
      1.77956505      1.32203405
      1.54331535      5.63841025
      1.69841724      2.78928195
      1.37145003      2.15867541
      1.63982285      4.06898254
      1.69412160      2.96442084
      1.63492282      5.18602654
      1.27975187      1.23897833
      1.49468905      4.26214492
      1.26127936      0.07502290
      1.40467418      5.47336214
      1.16521931      6.09044435
      1.38349516      2.44709499
      1.84475784      5.67750265
      1.55858085      3.13847365
      1.77042028      4.09145560
      1.83109388      1.50727606
      1.66850548      1.43759629
      1.70965080      3.64966922
      1.91245893      2.63988511
      1.98802586      5.79060577
      1.91120888      1.03401814
      1.54278135      0.41563410
      1.82410345      5.33215903
      1.54760826      1.97193971
      1.10390336      5.48121269
      1.43907444      2.90034001
      1.25510715      0.27462050
      1.31439125      2.17442681
      1.91809527      0.98627445
      1.48277372      1.16816626
      1.86626460      0.06332407
      1.16789192      3.36718394
      1.55736667      1.01815451
      1.40245685      4.37888363
      1.68827977      0.07430821
      1.36810184      6.02282765
      1.54042013      1.71197673
      1.83374161      2.85638225
      1.07001096      2.05719124
      1.70807549      3.80013883
      1.39752237      0.85907236
      1.96793864      0.57164100
      1.70032948      5.72693058
      1.19263055      2.28585601
      1.44991909      3.36854610
      1.07336870      5.74820904
      1.21573216      1.43577197
      1.60319813      1.65154728
      1.43069242      5.47530706
      1.54226699      6.00460596
      1.48576099      3.59299373
      1.67012655      4.60530960
      1.06273816      6.20751108
      1.83240876      2.37452593
      1.57902376      3.17457505
      1.77284295      1.93844657
      1.38050508      4.58492270
      1.32031248      2.13907380
      1.01699710      2.47448155
      1.54401323      2.56339177
      1.71868903      5.07805174
      1.97438555      5.21751854
      1.48576530      1.96621795
      1.39485836      0.10204507
      1.61603837      3.75817364
      1.03180008      0.44634045
      1.92412603      3.98617590
      1.36817923      6.13584265
      1.67439943      4.30070900
      1.30633546      0.50597783
      1.69179373      1.49572943
      1.37446448      2.74607793
      1.14853682      3.84461288
      1.86639969      5.08528897
      1.71968663      5.57888205
      1.27305538      3.67377652
      1.74794210      2.62181990
      1.88987935      1.82397863
      1.90247839      6.07793642
      1.44294683      1.07885555
      1.56156264      0.41302501
      1.67704815      5.08105117
      1.27663038      0.10193078
      1.26427152      0.40462013
      1.49452749      3.83986469
      1.53003356      2.22744016
      1.51252891      5.55837429
      1.99304179      2.17084020
      1.62348874      1.72019308
      1.79157491      5.97351944
      1.17686739      3.05627162
      1.61643043      4.46297464
      1.85256961      5.56348405
      1.60274136      3.33498353
      1.52367214      0.40770512
      1.91044825      1.98111459
