      0.34485968
     -0.88517298
      1.24506348
      0.55364709
      0.90273428
      0.37506070
      0.67652215
      0.55270258
      2.02271239
      2.80685544
      2.34978372
      1.88222178
      1.03082911
      0.83709596
      0.52203950
      0.92550367
      2.00922670
      1.60816688
      2.04464669
      0.95001726
      1.03167322
      0.26806860
      1.35423291
      0.76232879
      1.46917935
      1.23676837
      0.59887769
      1.15293685
      1.26352503
      0.53109177
      2.04790989
      0.90083945
      0.56197287
      1.04511741
     -0.13003738
      1.52973299
      1.18552438
      2.52325763
      0.87629848
      0.02373394
      0.71204874
      0.64517211
      0.91441613
      0.96415263
      0.76136905
      1.32509131
      1.09695014
      0.96919589
      1.23766669
     -0.19760004
      1.12564055
      1.88783318
      1.69096016
      0.38281031
      1.21580797
     -0.33876658
     -0.47404870
      0.22579021
      0.86034333
      2.76359192
      1.17994516
      3.24069498
      0.25972120
      1.47182134
      1.17182908
      1.10320568
      1.22472045
      0.74458050
      1.35037855
      0.67400500
      0.66876533
      0.41826556
      0.13229710
      1.29349494
      0.81531894
      0.66429118
      1.34227241
      2.03692404
      1.86249124
      1.55859077
      0.67459394
      1.36749820
      0.56199868
      0.98737116
      0.93869082
      0.38745075
      1.17624438
      2.11449896
      1.29370161
      0.42794847
      1.20352403
      1.75060073
      0.69203317
      1.34052062
      1.82214591
      1.29579845
      2.94360353
      1.01903727
      1.17068219
      0.95307922
      1.79972354
      0.84690667
      1.29431928
      0.84045566
      1.32807018
      1.28166753
      0.99068271
      1.37028754
      1.04909855
      1.19484916
      0.51205764
      1.20124427
      1.24605877
      1.83322093
     -0.53876010
      2.07834986
      2.17818545
      0.87735595
      0.95350190
      0.94212704
      1.10212016
      2.53914198
      1.03892523
      1.31221096
      0.93227611
      0.85907544
      0.49675607
      1.04863500
      1.61113882
      1.14484861
      1.46596781
      0.57784218
      1.13133408
     -1.37724339
      0.83956490
      1.62847133
      1.53461527
      1.05515409
      0.98632065
      0.91759552
      1.19308877
      1.44257037
      0.68592344
      0.98680295
      2.13384617
      0.16221620
      0.86933575
      1.69779436
      0.99748842
      2.51082733
      1.35376935
      1.60822100
      0.56850343
      1.05576940
      1.25080377
      1.27359183
      0.64026363
      1.67852545
      0.57034822
      1.58176798
      2.11463434
      1.52402085
      0.80019596
      0.46813239
      0.53614268
     -0.19756826
     -0.55004007
      2.04796183
      2.55542054
      1.84257483
      1.24019410
      0.22944247
      1.64006108
      0.27349087
      0.30982575
      0.86075669
      1.10162319
      0.88601269
      1.16780283
      0.68642351
      1.01447278
      0.09289883
      1.28956904
      0.79442146
      1.07230387
      0.35920858
      1.66310570
      0.26544918
      2.00266864
      1.83219595
      2.04707053
      0.64248646
      1.42032929
      0.26584056
      0.79415301
      0.62943759
      0.86360951
      1.16960681
      0.93023756
      0.80539305
      1.23504712
      1.16340350
      0.57097790
      0.08715649
      1.55663454
      0.91135858
      1.62181632
     -0.34008825
      0.83708226
      0.77604317
      0.63616158
      0.57847655
      1.09978169
      0.60625714
      0.75410263
      0.44458116
     -0.03641260
      0.70390732
      0.93295051
      0.38171323
      2.27498918
      1.84524376
      1.16125082
      1.79693702
      1.25816293
     -0.09762713
      1.39226299
      2.27838581
      0.54375410
     -0.27020099
      0.35713924
      0.96685790
      1.92660986
      1.39685481
      1.69427716
      1.33324906
      1.48216048
     -0.05319220
      0.17945359
      1.14090678
      0.82294566
      0.85135919
      0.46304420
      1.39819968
      0.04575154
      3.31129793
      0.66704412
     -0.67898840
      1.22675375
      1.68808969
      1.17716656
      0.58041832
      1.30111133
      3.05596479
     -0.04224557
      0.01022356
      0.85337504
      1.09647828
      1.22220100
      0.63314870
      2.39893614
      0.76239912
      1.23181018
      1.24585806
      0.56453811
     -0.41644555
      1.44052549
      1.58071278
      0.56358442
      0.09961585
      0.65935768
     -0.84124674
      0.48647852
      1.05957811
      1.01189824
      1.24483890
      0.46920490
      1.18414134
     -1.19078559
      1.07422569
      0.98804882
      1.66335381
      2.38076240
      0.94046398
      0.57937601
      0.02912541
      0.43801004
      2.62578137
      0.98578411
      0.92583168
      0.75422047
      1.43723648
      1.10650892
      1.28154690
      1.10880285
      0.70350026
      0.36162027
      1.87195455
      0.88285711
      1.14935977
      0.80398050
     -0.12221987
      0.90825148
      1.12337234
      1.57631126
      0.05516713
      0.24232410
      0.14664952
      1.08088573
      1.13808523
      1.63084321
      0.92009525
      1.10603100
      0.50159334
      0.07418652
      1.29590597
      1.05752862
      0.34212512
      0.97529979
      1.11120609
      1.97060855
      0.65210379
      1.88851572
      0.02673627
      0.58510215
      1.22022628
      1.02515423
     -0.51295403
      1.22803449
      1.93277099
      0.41836605
      1.52023024
      1.44245422
      2.22246455
      0.60864193
     -0.20326444
      0.95291847
      1.15205179
      0.64322739
      0.85509661
      1.39645814
      0.80228062
      1.01978146
      0.68520803
      1.69133702
      1.54429443
      0.43662865
      1.80122809
      1.68005023
      0.86225482
      0.97825971
      2.14822984
      1.69773110
      1.05177421
      0.79905265
      1.46559504
      1.04520084
      1.40373955
      2.07003048
      1.20330380
      1.12505674
      0.64021924
     -0.30664070
      1.21185789
      0.37833168
      1.07541757
      1.17907203
      0.74435586
      1.55401976
      1.28921228
      1.30322847
      0.87897979
      1.06515107
      0.15789018
      0.32246275
      0.97971648
      1.27494635
      1.02663697
      1.62065981
      0.36364086
      1.11207788
      0.32977291
      1.09705616
      0.30234423
      0.61425761
      0.44460925
      0.41806765
      1.08468069
      3.15008308
      1.06316288
      1.10799886
      0.43980727
      0.12078677
      1.47008757
      0.63435598
     -0.04876404
      1.11958750
      0.36173468
      1.20776903
      0.85239856
      0.97051777
      0.67009346
      0.95068928
     -1.01517803
      1.42234796
      1.06358832
      1.06994186
      1.26955176
      1.62281744
      1.65768965
      1.45546728
      0.93354131
      2.19368335
      0.54673491
      2.78849882
      1.68503369
      1.57226448
      1.02402274
      1.70830844
      3.27919930
      0.64237150
      0.45361534
      0.82694121
      1.26804587
      0.40225402
      1.16435641
      1.57346439
      1.28484162
      0.79812286
      1.77824277
      0.69044151
      0.76381575
      2.02494981
      0.17296414
      0.56828790
      1.06740610
     -0.58315154
      1.07141149
      2.11521188
      1.63205240
      1.19247104
      0.90058573
      0.45102906
      1.16910740
      1.19344478
      1.74410348
      1.09625602
      2.61171367
      0.83594115
      3.53634340
     -0.03366158
      0.65536973
      0.70126312
      1.25182356
      0.67785285
      0.89993501
      0.16460063
      0.66760212
      0.87126455
      1.40276996
      0.68871930
      1.26818287
      1.19591707
      0.42733776
      1.67023491
      1.37944865
      1.08007538
      1.10474788
      0.15684806
      1.10159935
      0.67893491
      0.00350397
     -0.22093276
      0.82202201
      0.59552378
      1.64415891
      1.01971780
      0.17205422
      0.94522574
      0.46998859
      0.98419798
      1.13532412
      1.05314572
      1.45208746
      1.25479124
     -0.15248872
      0.74166845
      1.13088820
      0.97676083
      1.58497508
      1.37943541
      1.44065710
      3.38901231
      0.86007452
     -0.56403166
      1.08528340
      2.31196858
     -0.11686939
      1.12189602
      1.22240836
      1.19537101
      0.59438825
      1.97693308
      0.76195784
      1.39577831
      0.43125268
      0.93879070
     -0.29215378
      0.48097211
      1.26011969
      1.00785276
      1.97120061
     -0.02454768
      0.82093548
      1.66722169
      1.91328057
      1.50061132
      0.62847415
      1.27553726
      1.69756934
      0.93763779
      0.70433356
      1.45180382
     -0.12580506
      2.70545898
     -0.16873989
      1.57795947
      1.91244270
      0.51514693
      1.05223911
      0.82862691
      1.76858114
      1.02857772
      1.22701545
      3.00817423
      0.63252484
      0.78980995
      2.33527706
      1.74357662
      0.01626114
      0.74614748
      1.29955800
      1.07979695
      0.96165593
      0.52538228
      0.09162565
      1.55489259
      1.03178138
      2.98373045
      1.53825128
      1.41400120
     -0.50820072
      0.35438709
      0.29614234
      0.23081788
     -0.57950263
      0.60298553
      1.09669075
      1.13431769
      1.17303013
      1.07710934
      1.86786642
      1.31744557
      2.61817568
      1.23750221
      0.79040266
      1.52709717
      1.03330549
      0.86839950
      0.88309286
      1.59580800
      1.90240468
      1.18871477
      1.52716619
      1.16400486
      1.43483154
      0.28861531
      1.96189547
      2.63750832
      0.97172616
      0.86877411
      1.42321801
      0.84842799
      1.42735756
      1.09573664
      0.10537482
      0.29538380
     -0.68847095
      1.13074626
      1.53389028
     -0.34882197
      0.37807190
      1.71750953
      0.31733680
      0.43007239
      2.55907992
      1.22845669
      1.17466027
     -0.13322452
      1.06251330
     -0.31452266
      1.72871026
     -0.42037575
      0.96208965
      0.19206069
      0.54575536
      1.00469743
      0.58842792
      2.13876225
      0.74513504
      1.58082476
      1.07464070
      1.10692954
      2.32780880
      1.74429412
      0.28624141
      1.07997012
      3.26842051
      0.87037804
      1.52508183
      1.39854240
      0.45343366
      2.59722056
      1.87371187
      1.07187853
      0.95385890
      1.75891276
      0.11704809
      0.68520992
      0.61970648
      0.73361705
      1.03870063
      1.32472235
     -0.34858645
      0.05276227
     -1.52773016
      2.87552609
      1.35931009
      1.06029497
      0.32746307
      1.63604606
      0.97622955
      2.91491027
      2.01695284
      1.83395942
      0.17647389
      0.30346223
      0.19012297
      0.62098841
      0.16514532
      1.75106617
      0.33767199
      0.51256474
      1.14563808
      0.58616548
      1.60348465
      1.61359189
      0.90136768
      1.45951961
      2.36773326
      1.44980865
      1.14489028
     -0.09702983
     -0.82682498
     -0.62457238
      2.83753645
      0.81441119
      0.57228758
      0.23243430
      0.76836313
      0.77902919
     -0.24903832
      1.52784979
      0.62288627
      1.62217431
      0.21423161
      1.45718074
      1.38538774
      1.16631101
      1.39785469
      1.24896393
      0.18767408
      2.82156874
      1.54942481
     -0.26172727
      1.46880380
      1.74566597
      1.55173922
      1.17282542
     -0.53842054
      1.59325975
      1.72881601
      2.53685043
     -0.87136812
      0.65409672
     -0.26293527
      1.28962389
      0.93847977
      0.95112824
      1.13960815
      1.71912098
      0.95518688
      0.82767810
      1.09996720
      1.39904237
      0.52301223
      0.14162641
      0.98174239
      0.56530037
      1.22256923
      1.26055657
     -0.60835644
     -0.09914917
      1.11012121
      1.29950158
      1.15193910
      2.54858941
      1.39676352
      1.74167755
      1.48742256
      0.77767049
      1.70615134
      1.09450667
      0.80667328
      0.70709655
      0.86099051
      0.70465385
      0.44326679
      0.59649875
      0.75991419
      1.79839303
      1.52205488
      1.07671578
      0.01471288
      1.41499891
      1.16913628
      1.69446316
      1.46425459
      1.12931359
      0.81023138
      1.80898170
      2.40557128
      1.36936506
      0.02180047
      0.67805376
      0.64078874
      2.04373229
      0.84612776
      1.80820916
      1.46697478
      1.18999420
      1.62851417
      0.41394021
      2.76842106
      0.66973837
      2.04108796
      1.62923060
      0.67256678
     -0.17903004
      0.11574130
      0.71338825
      0.44340866
      0.74188588
      0.35050458
      0.36455173
      0.82090957
      0.98424061
      0.98393307
      0.88958510
      0.43558259
      0.87549828
      1.51360604
      1.57412875
      1.34826893
      0.81606367
      0.97376627
      1.11450644
      0.64365972
      0.99136764
      1.68653382
      0.80054707
      1.27781142
      1.07484489
      0.89582872
      0.57411077
      1.60502753
      0.81360019
      1.60094922
      1.92511031
      1.87487775
      1.00564167
     -0.56342100
     -0.40990409
      1.16204865
      1.20995220
      0.94908411
      0.43115862
      1.34571741
      0.32945535
      1.31221089
      0.69206079
      1.88784078
      1.02158981
      1.51490023
      1.46308993
      0.87548469
      0.47449930
      0.98461751
      1.35623652
      0.79342387
      0.54230101
      0.74403380
      0.70828282
      1.01239981
      1.29195531
      1.63719682
      0.91379727
      2.42809552
      1.29900797
      1.23796239
      1.13285396
      1.80636332
      2.22138500
      1.06736641
      0.65217555
     -1.19757049
      0.84314309
      1.98372211
      1.17014626
      1.66666764
      0.49031545
      0.91509350
     -0.33253246
      0.09810913
      1.75246467
      1.49781286
      1.24213400
      1.45444360
      0.57079225
      1.32978683
      1.34890086
      2.27917031
      0.79629686
      1.00612592
      1.35017866
      1.02944611
      1.33995420
     -0.22340264
      0.69979567
      0.99418346
     -0.08979440
      0.67971725
      0.34708466
      1.63231218
      3.59519081
      1.00788654
      0.66539893
      0.99172533
      1.65491483
     -1.02404779
      0.81486518
      2.21960182
      0.97133794
      1.16947149
      0.86172811
      0.95282873
      1.37722779
      1.05579906
      1.33215516
      1.53435242
      1.08818169
      1.26170858
      1.24744984
      1.33209597
      1.23566520
      0.72782918
      1.10912493
      0.98794740
      1.04771547
     -0.22390878
      1.07164849
      2.87142590
      0.66184556
      1.83665242
      0.70271785
      2.05409759
      0.60160443
      0.70001891
      1.77814967
      2.08774060
      2.51815016
      1.76630257
     -0.41404939
      1.12212377
      1.49098595
      1.83127433
      0.87084127
      0.71165961
     -0.69713365
      1.12655207
      1.34122118
      0.89479009
      1.05452113
      0.76029289
      0.42494010
      0.49606326
     -0.02887170
      1.12620459
      2.33518050
     -0.14633052
      0.63967272
      1.23305075
      1.46983294
      1.69152298
      0.58560074
      0.19542186
      0.83648913
      0.60728066
      1.18867258
      1.58341880
      0.84882214
      0.51314359
      0.44657424
      0.18865101
     -0.29250988
      0.78912080
      0.95909707
      0.57474734
      0.81123589
      1.90627069
      0.95200166
      1.13861463
      1.45567530
      1.88545448
      2.72911579
      2.26890566
      1.68422600
      1.23255840
      1.26969008
      1.46845863
      0.46293360
      1.06270026
      0.37300251
      0.80252418
      1.72436937
      1.30883392
      0.38044327
      1.33908265
      1.12788991
      0.57006442
      1.48003184
      2.27472904
     -0.59583942
      0.84422722
      1.31297310
      1.56793484
      2.95869025
      1.12952626
      2.64502849
      0.97743130
     -0.68343970
      0.64184753
      1.17411043
      0.76882355
      1.43335888
      0.62445475
     -0.32605336
      1.49058896
      0.01697824
      1.45044096
      1.49416319
      2.24329886
      0.73972947
      1.03568711
      0.96018406
      0.53833403
      1.10896900
      0.71032713
      1.11497338
      0.92082462
      1.38937128
      1.11693464
      0.54275439
      0.87914915
      1.08988866
      1.95622002
      0.68194453
      1.33537533
      1.94684744
      0.31354295
      0.60337599
      0.89593605
      0.63972791
      0.81111709
      1.03424809
      1.03900150
      0.76434861
      0.90956764
      1.90829365
      1.25606493
