      1.00000000      2.15613819      4.26009390
      1.00000000      0.68514364      2.74084148
      1.00000000      1.61417690      0.05193455
      1.00000000      0.76228796      5.54497694
      1.00000000      1.39345273      4.31754485
      1.00000000      0.99586089      4.17327298
      1.00000000      0.64046445      1.35328114
      1.00000000      0.69014444      4.50936269
      1.00000000      1.94307447      1.24587832
      1.00000000      2.10053094      0.64744257
      1.00000000      2.19051071      0.85378341
      1.00000000      1.07654502      3.91406744
      1.00000000      1.97984435      5.03105010
      1.00000000      3.10343334      1.45653476
      1.00000000      2.34376291      0.38929884
      1.00000000      1.48395125      4.28213428
      1.00000000      2.58617692      4.51498533
      1.00000000      1.06628853      3.38824696
      1.00000000      1.97858764      0.93858050
      1.00000000      2.05122000      1.83090229
      1.00000000      1.88053531      6.07687631
      1.00000000      1.68034050      5.88605797
      1.00000000      2.91467441      5.31671239
      1.00000000      1.50948176      1.80802698
      1.00000000      1.98797409      5.75507286
      1.00000000      0.77142499      1.07869151
      1.00000000      1.45660683      5.43589780
      1.00000000      1.59329280      5.05468122
      1.00000000      1.44755844      2.50983367
      1.00000000      1.47059291      1.34489103
      1.00000000      0.60070950      0.15555280
      1.00000000      1.74077593      4.75409406
      1.00000000      1.85720123      5.95402643
      1.00000000      2.27401488      2.66967373
      1.00000000      1.23916533      1.78272438
      1.00000000      0.91203346      1.82944163
      1.00000000      2.29136389      4.72974933
      1.00000000      0.93690313      2.81265730
      1.00000000      2.45099571      2.92925270
      1.00000000      1.64886396      1.30320765
      1.00000000      1.30419946      6.15666072
      1.00000000      2.07273091      0.55359710
      1.00000000      1.92037317      5.30693660
      1.00000000      2.29474036      1.47042403
      1.00000000      1.78624961      4.47375113
      1.00000000      2.33555467      1.25432153
      1.00000000      2.11754815      5.05071435
      1.00000000      2.57638314      4.69484957
      1.00000000      0.73376250      2.38740054
      1.00000000      0.88803870      3.64037135
      1.00000000      2.41502464      1.72236287
      1.00000000      1.96498851      1.78392846
      1.00000000      2.12812075      0.92049827
      1.00000000      1.14192676      0.72809183
      1.00000000      2.14826301      2.76616543
      1.00000000      0.71497790      3.81138023
      1.00000000      1.42312073      1.64069282
      1.00000000      2.30730288      1.01321545
      1.00000000      1.85876317      1.68783710
      1.00000000      0.44102187      4.14713686
      1.00000000      1.73885971      4.66412428
      1.00000000      0.90408410      4.80835138
      1.00000000      1.29959522      4.09013161
      1.00000000      0.79043532      2.56531445
      1.00000000      1.21948927      5.28497233
      1.00000000      0.91160524      4.00184248
      1.00000000      1.11234469      1.83156805
      1.00000000      1.32197385      5.17654954
      1.00000000      1.11949648      4.34500783
      1.00000000      0.84003521      3.88384029
      1.00000000      2.14306337      0.04018638
      1.00000000      2.62531541      2.76504884
      1.00000000      1.38655606      5.34226309
      1.00000000      0.55575397      0.86743744
      1.00000000      1.34658239      6.18236737
      1.00000000      2.28945520      5.21096861
      1.00000000      0.44237404      2.54017352
      1.00000000      2.54360507      2.49535730
      1.00000000      2.38576359      5.97509386
      1.00000000      0.63262099      2.32823798
      1.00000000      1.64445779      4.35385742
      1.00000000      1.21438882      4.37385929
      1.00000000      2.29435172      0.52233598
      1.00000000      1.26804940      2.63080736
      1.00000000      1.76074126      5.29391713
      1.00000000      2.26377345      4.19175509
      1.00000000      0.64376299      1.04288996
      1.00000000      1.41507133      0.89819921
      1.00000000      0.25115108      1.46738651
      1.00000000      2.91902724      2.48235343
      1.00000000      2.67795775      1.82065482
      1.00000000      1.15240567      0.60890801
      1.00000000      0.79469856      1.63336297
      1.00000000      1.36845857      4.06717088
      1.00000000      2.71400583      5.90926452
      1.00000000      1.05174152      4.50584200
      1.00000000      0.93403006      1.27994812
      1.00000000      2.17023452      2.05787956
      1.00000000      2.26815351      3.05672250
      1.00000000      2.60525407      1.75620024
      1.00000000      1.39827122      5.35312265
      1.00000000      0.98518351      5.33716336
      1.00000000      0.46806421      0.37203166
      1.00000000      1.17857486      0.24604895
      1.00000000      0.44220832      0.53459393
      1.00000000      0.80314839      2.61552726
      1.00000000      1.26656079      5.09761706
      1.00000000      1.04293057      4.63192764
      1.00000000      0.67584835      5.42244254
      1.00000000      0.63362640      2.20760310
      1.00000000      0.33601976      1.55900806
      1.00000000      2.42421272      0.48540259
      1.00000000      1.79956401      5.27455051
      1.00000000      2.31185140      2.85056393
      1.00000000      1.59791269      1.82268045
      1.00000000      1.40308883      2.11764461
      1.00000000      0.76607374      3.91235617
      1.00000000      1.36728806      4.84518748
      1.00000000      1.31651077      4.44943606
      1.00000000      2.13847000      0.33661858
      1.00000000      1.60280075      1.81154306
      1.00000000      0.27725900      2.72064617
      1.00000000      1.30700456      5.23775066
      1.00000000      0.70363433      5.94771064
      1.00000000      1.11703202      5.28389535
      1.00000000      2.60747931      5.39925769
      1.00000000      1.03789725      4.67286745
      1.00000000      1.67396425      6.12651188
      1.00000000      2.31654017      3.71465155
      1.00000000      2.06703276      2.79873503
      1.00000000      1.46091334      5.85861827
      1.00000000      1.70533696      1.06061787
      1.00000000      1.05323960      5.28424257
      1.00000000      1.75717520      1.14366203
      1.00000000      2.56601632      1.06362036
      1.00000000      2.59537970      3.57795724
      1.00000000      0.74558418      1.56251371
      1.00000000      0.82712860      4.03313930
      1.00000000      0.46649415      6.25234959
      1.00000000      1.39853698      0.01627202
      1.00000000      2.81611864      2.80250445
      1.00000000      0.47291942      4.77403367
      1.00000000      1.70783554      4.07942913
      1.00000000      1.37598028      4.97500131
      1.00000000      0.46923339      4.19542766
      1.00000000      1.30929958      0.74464995
      1.00000000      2.74179092      3.63304317
      1.00000000      2.19812767      2.75166957
      1.00000000      2.26071032      5.32029082
      1.00000000      2.25704943      4.13293107
      1.00000000      0.89024357      4.23557069
      1.00000000      1.00268024      2.62476853
      1.00000000      1.06212980      0.85991951
      1.00000000      0.43770885      2.77733099
      1.00000000      2.31516712      6.08156543
      1.00000000      0.91962920      0.60389338
      1.00000000      2.90749661      1.62975898
      1.00000000      1.58013989      6.18041721
      1.00000000      0.81677330      0.48240766
      1.00000000      1.76740202      6.23487435
      1.00000000      1.95817389      0.30386795
      1.00000000      2.52667597      4.43976424
      1.00000000      0.80793766      5.48684447
      1.00000000      0.44189523      0.96736505
      1.00000000      1.93111419      0.66956269
      1.00000000      1.08674072      4.29791472
      1.00000000      2.23708488      3.79933994
      1.00000000      0.43344969      2.60731840
      1.00000000      0.83543431      0.83953936
      1.00000000      0.55219239      5.46053665
      1.00000000      0.91353328      3.96740229
      1.00000000      2.06795111      2.32883505
      1.00000000      1.39724117      4.87891501
      1.00000000      1.06368589      1.49588155
      1.00000000      2.02537807      3.32764717
      1.00000000      1.55108495      0.09545252
      1.00000000      0.94437411      2.56466972
      1.00000000      0.45447610      5.86074167
      1.00000000      1.83666218      2.88655188
      1.00000000      1.64504858      1.80185880
      1.00000000      1.66545270      4.49240906
      1.00000000      1.93449982      4.72108907
      1.00000000      1.84898682      2.07545560
      1.00000000      0.81504612      4.23077250
      1.00000000      0.91512055      1.98523285
      1.00000000      0.68053412      0.75860812
      1.00000000      0.87570146      3.78112336
      1.00000000      2.18924103      3.73547390
      1.00000000      1.12187063      3.74014268
      1.00000000      2.40967234      6.19138133
      1.00000000      2.00468586      0.30874682
      1.00000000      1.46611287      6.16978206
      1.00000000      1.78770041      3.80395454
      1.00000000      0.56169959      4.74893215
      1.00000000      0.16073286      0.64903867
      1.00000000      1.88276290      2.20777978
      1.00000000      2.09881763      6.01270591
      1.00000000      1.28938311      5.11178394
      1.00000000      2.44751525      5.76764983
      1.00000000      1.42392930      0.41795690
      1.00000000      2.65952018      0.04061983
      1.00000000      1.45238172      4.97456341
      1.00000000      1.79314500      2.53510843
      1.00000000      1.55282579      3.32889093
      1.00000000      2.79574702      3.28602065
      1.00000000      0.76484850      5.97434662
      1.00000000      2.81695962      2.99853163
      1.00000000      0.71104780      0.13594974
      1.00000000      2.81365913      2.17738566
      1.00000000      2.26637133      4.04388556
      1.00000000      1.28118425      0.49691537
      1.00000000      2.35855426      0.28658629
      1.00000000      2.19968046      0.01178357
      1.00000000      3.01000891      0.28067213
      1.00000000      2.25791418      5.12470427
      1.00000000      2.00007336      3.40710031
      1.00000000      2.14077247      0.33879338
      1.00000000      1.78899556      3.31286702
      1.00000000      2.88824200      5.14979892
      1.00000000      1.93796921      1.34495363
      1.00000000      0.35824709      5.34450724
      1.00000000      1.40100112      3.89269962
      1.00000000      2.38524264      3.19118866
      1.00000000      0.93137364      5.19704320
      1.00000000      1.61837201      4.70645017
      1.00000000      1.99139387      2.35183430
      1.00000000      2.84629706      5.99917892
      1.00000000      1.16724677      2.43434356
      1.00000000      2.31927986      6.23398325
      1.00000000      1.72474437      4.97636508
      1.00000000      2.05342656      0.26899302
      1.00000000      0.35324463      2.00658376
      1.00000000      1.87790384      3.26038329
      1.00000000      1.45042665      2.27805784
      1.00000000      0.64466986      0.82528903
      1.00000000      0.99337100      1.00605470
      1.00000000      1.45921886      1.90138022
      1.00000000      1.33034618      2.40966499
      1.00000000      1.80700329      2.93603568
      1.00000000      2.59140027      4.48069612
      1.00000000      2.02861846      2.72776674
      1.00000000      2.25964806      5.67170673
      1.00000000      2.87234077      0.48277465
      1.00000000      3.06134031      4.28930171
      1.00000000      1.93373069      6.15365934
      1.00000000      1.98852286      3.01704766
      1.00000000      1.59313562      2.38436358
      1.00000000      1.92110217      4.20234284
      1.00000000      1.47178922      3.15870869
      1.00000000      1.52923572      4.30008998
      1.00000000      1.77993096      3.46766163
      1.00000000      1.34460380      2.54988129
      1.00000000      1.21349970      1.08197720
      1.00000000      0.95664129      0.33753441
      1.00000000      1.24350063      3.21893438
      1.00000000      1.86424393      3.57993542
      1.00000000      1.01069991      0.58360784
      1.00000000      1.63928456      2.05463423
      1.00000000      1.80737717      3.81285864
      1.00000000      1.84110120      3.23843344
      1.00000000      1.86261753      1.55736223
      1.00000000      1.44306493      0.37834425
      1.00000000      0.65887717      2.51000329
      1.00000000      1.71507707      2.76447148
      1.00000000      2.82401619      0.21188890
      1.00000000      1.28316447      1.21073740
      1.00000000      0.85216191      0.11006954
      1.00000000      0.70113189      0.44553658
      1.00000000      1.15965062      0.22771368
      1.00000000      0.93260457      0.85249044
      1.00000000      0.99217815      4.89906319
      1.00000000      2.29542231      0.30754669
      1.00000000      1.49129185      1.92379430
      1.00000000      1.28722767      5.89577712
      1.00000000      1.85227803      0.91369843
      1.00000000      1.83240386      4.39470325
      1.00000000      1.55052779      1.78618224
      1.00000000      1.75631230      2.53405428
      1.00000000      1.98528832      4.28028147
      1.00000000      1.80126318      1.59841820
      1.00000000      1.47862626      3.43591526
      1.00000000      1.24451490      1.99943646
      1.00000000      1.23365139      5.84310919
      1.00000000      1.73397621      4.05084731
      1.00000000      1.11164875      1.16036542
      1.00000000      1.89905175      3.46972090
      1.00000000      1.47015506      5.52979509
      1.00000000      0.74249417      1.82128076
      1.00000000      1.49924918      1.02620337
      1.00000000      1.41080585      4.24179478
      1.00000000      1.20360457      3.40492277
      1.00000000      0.78312668      4.72662979
      1.00000000      2.78928880      3.08705328
      1.00000000      1.68816673      4.86773994
      1.00000000      1.14460777      4.79418844
      1.00000000      1.51191447      0.90241369
      1.00000000      0.88783401      4.65658109
      1.00000000      0.85853530      4.89045569
      1.00000000      1.36249602      0.46014842
      1.00000000      1.37795533      6.10325169
      1.00000000      1.72699529      4.95300850
      1.00000000      2.12633338      1.07138965
      1.00000000      0.84759346      3.08485083
      1.00000000      2.26661514      0.63250788
      1.00000000      0.65429976      1.83419826
      1.00000000      0.98003974      2.21014087
      1.00000000      2.04558286      3.24827288
      1.00000000      1.39219359      1.10057500
      1.00000000      2.70510237      4.59795425
      1.00000000      2.68627634      0.90015178
      1.00000000      0.73226313      5.36915907
      1.00000000      0.46964482      0.09300384
      1.00000000      0.67450501      5.45427901
      1.00000000      2.17039234      5.53892393
      1.00000000      1.48325227      1.58743176
      1.00000000      2.04311459      4.41876913
      1.00000000      1.24541349      0.15191477
      1.00000000      0.40512171      0.62675954
      1.00000000      0.84846209      4.14990179
      1.00000000      0.73826196      2.27857934
      1.00000000      1.62212321      3.62043524
      1.00000000      0.63309721      4.42098622
      1.00000000      1.62917031      2.72953801
      1.00000000      0.79103049      2.25829432
      1.00000000      2.10116272      6.26309825
      1.00000000      1.13955906      5.00878857
      1.00000000      2.67785263      1.61130425
      1.00000000      1.46238554      1.94135284
      1.00000000      1.41303204      5.79515408
      1.00000000      2.07245819      4.31946308
      1.00000000      1.79453649      4.62565074
      1.00000000      1.36714952      4.40982605
      1.00000000      1.43993257      4.53761991
      1.00000000      1.15317798      3.82587042
      1.00000000      2.83643779      4.30895001
      1.00000000      1.82305041      0.31053973
      1.00000000      0.92035229      5.32731521
      1.00000000      1.59702746      1.30412617
      1.00000000      0.29661772      1.24071907
      1.00000000      1.13566452      1.14827420
      1.00000000      2.64664575      2.88776980
      1.00000000      0.78961787      4.85301907
      1.00000000      2.15028719      4.34986303
      1.00000000      0.78576011      5.23461008
      1.00000000      1.65778788      5.59582522
      1.00000000      2.16804882      4.80959631
      1.00000000      0.48230597      3.29772034
      1.00000000      1.52978696      2.78258147
      1.00000000      1.75893779      3.63753966
      1.00000000      1.96143461      1.69727062
      1.00000000      2.60905329      0.24398776
      1.00000000      2.22613228      2.02995592
      1.00000000      2.19478275      5.61182343
      1.00000000      1.39949391      4.22814496
      1.00000000      0.44412743      0.66263671
      1.00000000      1.31367334      4.48876025
      1.00000000      2.07141803      2.82613867
      1.00000000      0.59166209      2.73903918
      1.00000000      1.92742843      3.49125012
      1.00000000      1.39785440      1.70367244
      1.00000000      1.00841156      3.31016237
      1.00000000      1.56218113      2.44931771
      1.00000000      1.69709369      1.37491720
      1.00000000      2.38404787      5.13356918
      1.00000000      1.47698566      6.22288070
      1.00000000      1.51096730      5.04588081
      1.00000000      2.96359156      1.68993037
      1.00000000      1.25383106      1.30319312
      1.00000000      2.96414005      0.33032160
      1.00000000      1.07190902      2.33378444
      1.00000000      2.56645769      1.15763385
      1.00000000      2.58860215      5.99454789
      1.00000000      1.43715861      6.22784806
      1.00000000      1.22049781      3.85161858
      1.00000000      2.33468657      0.68316505
      1.00000000      0.97537491      3.76041458
      1.00000000      1.71101889      4.82519385
      1.00000000      1.21022152      0.88824781
      1.00000000      1.72158543      0.26568477
      1.00000000      1.11108511      3.68250649
      1.00000000      2.18770733      2.54502239
      1.00000000      1.21659994      1.95653545
      1.00000000      0.51952273      1.74279284
      1.00000000      1.37167666      5.22463964
      1.00000000      0.22417472      5.55564502
      1.00000000      1.38992146      4.85860031
      1.00000000      1.64799148      1.86648802
      1.00000000      0.73883428      4.99484536
      1.00000000      1.11505287      5.34835407
      1.00000000      1.58102511      2.89710286
      1.00000000      1.48611634      4.17651245
      1.00000000      2.44446842      2.68833094
      1.00000000      0.55643932      3.18725519
      1.00000000      0.72416170      4.75299886
      1.00000000      1.32567206      2.79604115
      1.00000000      1.53153766      6.03012321
      1.00000000      0.78630622      4.74332649
      1.00000000      2.33525192      2.26696790
      1.00000000      0.92763938      1.14148438
      1.00000000      1.59059214      3.28062016
      1.00000000      1.64724125      3.99103231
      1.00000000      1.51563198      4.87860691
      1.00000000      1.57432870      2.55534646
      1.00000000      0.79921159      5.40467959
      1.00000000      2.10270278      0.96583332
      1.00000000      0.54583253      1.86199480
      1.00000000      1.86799385      4.09218597
      1.00000000      2.39909189      5.24582652
      1.00000000      1.03640211      3.17041808
      1.00000000      2.86426746      4.53764322
      1.00000000      1.07800208      0.55962639
      1.00000000      1.04342522      0.92199630
      1.00000000      1.76774908      2.98788721
      1.00000000      0.93923379      3.38258637
      1.00000000      1.66679262      5.96628274
      1.00000000      1.63716436      1.25464884
      1.00000000      1.71672171      4.80588742
      1.00000000      2.73046358      4.39133513
      1.00000000      1.45836086      0.10586250
      1.00000000      0.80184617      2.86644056
      1.00000000      1.07952860      3.42488014
      1.00000000      1.17515774      2.91191823
      1.00000000      2.29577127      4.19826331
      1.00000000      1.72912851      1.59161116
      1.00000000      1.84384635      0.86369881
      1.00000000      2.35795668      0.69499032
      1.00000000      0.51482781      5.83787725
      1.00000000      2.61330865      3.75892695
      1.00000000      1.38683004      5.60844258
      1.00000000      2.42035988      3.05104623
      1.00000000      1.15666055      0.96392310
      1.00000000      1.93576057      4.43143031
      1.00000000      1.70488339      1.32757649
      1.00000000      2.33188803      3.60522766
      1.00000000      1.67190203      3.51222625
      1.00000000      1.69609489      4.58906383
      1.00000000      2.51250529      1.53558969
      1.00000000      1.92780654      4.14173279
      1.00000000      1.70169467      4.46953195
      1.00000000      1.11831228      2.27518150
      1.00000000      0.70443972      2.90749337
      1.00000000      1.43210332      3.52339394
      1.00000000      2.28392950      2.77468103
      1.00000000      0.65775727      2.12146695
      1.00000000      0.52986857      0.80588183
      1.00000000      2.67072125      0.31759479
      1.00000000      1.66630224      4.17278107
      1.00000000      1.68900806      3.67034265
      1.00000000      0.38438727      5.25035844
      1.00000000      0.15791257      5.77590543
      1.00000000      1.72217170      5.21445067
      1.00000000      2.22993838      5.69607771
      1.00000000      0.56396572      3.11491285
      1.00000000      0.62435842      3.82498211
      1.00000000      1.13906691      3.29976412
      1.00000000      1.87098034      6.04107321
      1.00000000      2.03888041      4.55219103
      1.00000000      2.34731886      4.88138052
      1.00000000      1.97935402      5.42637732
      1.00000000      1.28669028      4.58123164
      1.00000000      1.02012675      3.77158782
      1.00000000      2.29019242      1.82461017
      1.00000000      0.82220940      3.32726349
      1.00000000      1.89547539      1.24198170
      1.00000000      2.17879321      5.62362675
      1.00000000      2.10575682      5.04572454
      1.00000000      0.94152003      3.00229993
      1.00000000      0.99196636      1.70047456
      1.00000000      0.96574824      5.64589435
      1.00000000      1.70620431      3.83913344
      1.00000000      2.51955701      3.28838623
      1.00000000      1.48491306      3.24429248
      1.00000000      2.86831246      5.37145560
      1.00000000      1.88187268      0.33675107
      1.00000000      1.84051417      2.09514125
      1.00000000      1.49740563      6.02580816
      1.00000000      1.56275731      1.88253674
      1.00000000      2.29913671      0.61856082
      1.00000000      2.32381750      4.11470428
      1.00000000      1.31999634      0.46596804
      1.00000000      1.57120783      6.18706423
      1.00000000      2.26777313      5.99860341
      1.00000000      1.16092816      3.26718177
      1.00000000      1.72630083      0.59860642
      1.00000000      1.58810465      0.55210053
      1.00000000      1.45458675      2.38772335
      1.00000000      2.55766880      5.34192126
      1.00000000      1.48270943      0.31660777
      1.00000000      1.56039008      4.66555778
      1.00000000      0.96494710      1.21601901
      1.00000000      1.42567867      0.16288884
      1.00000000      1.22401900      2.50377203
      1.00000000      1.45285545      4.49155471
      1.00000000      1.55428124      4.40912384
      1.00000000      2.00832871      1.71553175
      1.00000000      1.90747623      4.37731033
      1.00000000      2.21666323      0.55777365
      1.00000000      0.64600733      5.16964273
      1.00000000      2.74270183      2.03177525
      1.00000000      1.83243849      6.25667429
      1.00000000      2.89936453      3.21598786
      1.00000000      2.16676861      3.57578034
      1.00000000      2.37014801      1.22590955
      1.00000000      1.60961497      2.78051973
      1.00000000      0.99905842      2.60199792
      1.00000000      1.53284603      1.13247134
      1.00000000      2.39194162      0.72471375
      1.00000000      1.13600360      1.55987623
      1.00000000      1.93721000      5.87246018
      1.00000000      0.23300495      3.11202392
      1.00000000      0.56757459      4.84672936
      1.00000000      2.20254411      4.26381111
      1.00000000      0.85136276      1.84652153
      1.00000000      0.50542080      1.09992924
      1.00000000      2.30490780      6.18496781
      1.00000000      1.36038374      3.34745523
      1.00000000      2.25070857      3.43883397
      1.00000000      2.16854451      5.44961490
      1.00000000      1.83917505      6.23430625
      1.00000000      0.40145820      5.80108027
      1.00000000      1.23928885      4.81824576
      1.00000000      1.30094964      4.98646815
      1.00000000      0.66732920      2.68144858
      1.00000000      2.72925703      6.18516729
      1.00000000      1.75324443      1.69903625
      1.00000000      1.32736815      3.68451866
      1.00000000      0.65445648      2.27944129
      1.00000000      0.36900565      6.27812813
      1.00000000      2.51182062      4.83220518
      1.00000000      1.70568553      3.89158285
      1.00000000      1.21739191      2.92886664
      1.00000000      2.09805313      0.04898042
      1.00000000      1.35063362      3.47655500
      1.00000000      1.53729173      3.30881441
      1.00000000      1.42177292      0.47358275
      1.00000000      1.46870678      4.13650427
      1.00000000      1.63595350      2.61297758
      1.00000000      2.09778002      2.87625124
      1.00000000      2.62238290      5.72856890
      1.00000000      0.91233918      1.58290971
      1.00000000      2.13573033      1.61499608
      1.00000000      1.04658041      1.83866876
      1.00000000      2.55313964      5.75494085
      1.00000000      1.76195812      4.78214573
      1.00000000      1.56051728      6.08953582
      1.00000000      2.63347059      4.67378238
      1.00000000      2.61585060      0.29943811
      1.00000000      1.57883636      1.01301514
      1.00000000      1.42478611      3.10650006
      1.00000000      1.56183355      0.87029279
      1.00000000      1.38358417      3.81508404
      1.00000000      1.57243569      0.99987185
      1.00000000      2.00097075      6.01113851
      1.00000000      2.00725160      3.00348898
      1.00000000      1.64755943      2.68084298
      1.00000000      0.96387030      1.71344189
      1.00000000      1.13518878      5.33076754
      1.00000000      1.19733559      0.61363439
      1.00000000      0.71289277      3.70129551
      1.00000000      1.34039784      1.87713771
      1.00000000      2.52936556      2.65283595
      1.00000000      0.70256874      5.97882851
      1.00000000      2.19762587      6.25025211
      1.00000000      1.58262066      2.98309171
      1.00000000      2.10578088      1.03111516
      1.00000000      2.95776738      4.01897358
      1.00000000      1.66862053      2.77320871
      1.00000000      1.65803883      3.72151612
      1.00000000      1.25253605      1.26111071
      1.00000000      1.03379752      2.38643335
      1.00000000      0.59201324      4.74808408
      1.00000000      2.14860982      5.35139552
      1.00000000      1.95251428      3.08863812
      1.00000000      2.50712403      3.47316221
      1.00000000      1.46860243      3.45615879
      1.00000000      1.82392045      1.28144405
      1.00000000      1.62730959      1.99794112
      1.00000000      1.34150919      4.30526013
      1.00000000      1.65858878      1.40752102
      1.00000000      2.78106266      5.24361855
      1.00000000      1.37725206      5.88116762
      1.00000000      1.47143565      4.89821065
      1.00000000      2.76263631      1.54761328
      1.00000000      2.34871625      1.93383272
      1.00000000      0.99739035      2.86710718
      1.00000000      1.61737157      2.58580506
      1.00000000      1.05260939      3.14236785
      1.00000000      0.72554989      0.27725367
      1.00000000      2.43754873      2.69391982
      1.00000000      1.09563609      1.54967955
      1.00000000      2.09665751      0.52201174
      1.00000000      1.34504634      5.09760227
      1.00000000      1.24752760      0.73802824
      1.00000000      2.13046272      4.20384134
      1.00000000      0.82732210      0.95461582
      1.00000000      1.41189682      2.83153811
      1.00000000      1.79442365      5.16247745
      1.00000000      3.04820900      2.73738024
      1.00000000      2.44339425      4.51295836
      1.00000000      2.61738480      5.16936916
      1.00000000      2.64288554      3.47607545
      1.00000000      0.27666087      0.02230378
      1.00000000      1.06758011      4.75054666
      1.00000000      1.20467919      1.24952522
      1.00000000      2.94447599      4.89872493
      1.00000000      1.51663762      5.89298684
      1.00000000      2.80756217      2.25664746
      1.00000000      2.34092119      5.80752443
      1.00000000      2.59832291      2.62484974
      1.00000000      2.50970664      0.58655136
      1.00000000      2.72105714      0.03414517
      1.00000000      1.77043103      0.39028565
      1.00000000      0.94678924      3.52022808
      1.00000000      1.14131140      5.12038290
      1.00000000      2.18068634      1.84431127
      1.00000000      0.74439893      2.97637789
      1.00000000      2.69164143      1.56718824
      1.00000000      2.65569217      4.94058395
      1.00000000      1.78922064      0.25265227
      1.00000000      1.29052207      2.21455358
      1.00000000      0.89725325      2.18289956
      1.00000000      1.44655002      1.10020815
      1.00000000      1.87451265      5.31211034
      1.00000000      0.60166095      3.81480000
      1.00000000      2.35810064      4.43676269
      1.00000000      1.77487169      5.13075802
      1.00000000      0.88742745      1.37381648
      1.00000000      0.45326025      5.69987590
      1.00000000      1.86845831      3.17988260
      1.00000000      2.11077066      2.48759271
      1.00000000      0.58314052      1.34870359
      1.00000000      1.98728045      6.11871538
      1.00000000      0.40871256      4.09202641
      1.00000000      1.55321146      5.92630028
      1.00000000      0.93268652      0.90435500
      1.00000000      2.33922802      3.28124946
      1.00000000      1.36732346      2.17340157
      1.00000000      1.29537470      2.53681022
      1.00000000      0.72540086      5.21142977
      1.00000000      2.04547813      3.12317540
      1.00000000      2.03401065      0.65141123
      1.00000000      0.61509947      1.65227616
      1.00000000      2.05021012      2.21979884
      1.00000000      2.54981927      2.68187725
      1.00000000      2.01328389      6.23580220
      1.00000000      1.43320749      4.34765938
      1.00000000      2.34740629      2.38149968
      1.00000000      1.42139312      4.87129187
      1.00000000      0.53615074      2.88914097
      1.00000000      1.23530386      1.79398954
      1.00000000      2.28601032      5.08072788
      1.00000000      2.25302734      0.34909263
      1.00000000      2.90017130      3.04328507
      1.00000000      1.05802947      3.14505688
      1.00000000      1.66780109      2.95856260
      1.00000000      2.29854673      4.13454757
      1.00000000      2.04139481      5.04135413
      1.00000000      1.14048967      6.01908053
      1.00000000      1.24731847      1.06939943
      1.00000000      1.26298074      2.14786981
      1.00000000      2.25570761      5.71083282
      1.00000000      2.41710551      3.50056769
      1.00000000      2.84171530      3.81233318
      1.00000000      1.15694085      5.89981714
      1.00000000      1.65806980      5.96285117
      1.00000000      2.57018838      4.66403529
      1.00000000      1.36713072      3.98245935
      1.00000000      0.94176063      1.26215462
      1.00000000      0.68394071      0.28229113
      1.00000000      1.39159231      1.64707596
      1.00000000      0.80084898      4.15063902
      1.00000000      1.52122126      3.35175559
      1.00000000      2.33767012      6.03332293
      1.00000000      2.16636455      5.05663936
      1.00000000      1.40891360      1.56290775
      1.00000000      1.98277958      3.63582392
      1.00000000      1.88900649      2.36794885
      1.00000000      2.06945866      3.77836028
      1.00000000      0.77896975      2.98249087
      1.00000000      2.16307259      4.30009343
      1.00000000      2.75140995      2.13823016
      1.00000000      1.01422023      0.15999748
      1.00000000      0.33393698      2.51399017
      1.00000000      1.65171632      0.51380232
      1.00000000      1.96045223      2.02225451
      1.00000000      1.84400729      3.61941901
      1.00000000      2.78670584      5.30441447
      1.00000000      2.10881738      2.01636623
      1.00000000      2.00075725      2.82937099
      1.00000000      1.71964009      1.10517726
      1.00000000      1.26345625      1.26184217
      1.00000000      1.74637812      2.15074080
      1.00000000      2.14363911      5.19435667
      1.00000000      2.18223250      2.09434759
      1.00000000      0.33453029      1.26739764
      1.00000000      0.09887732      3.76773088
      1.00000000      1.22459445      4.76189682
      1.00000000      2.27240562      0.47939377
      1.00000000      2.15474803      1.86282770
      1.00000000      2.01441981      1.94835292
      1.00000000      2.47121552      4.52891556
      1.00000000      2.51873866      4.02559598
      1.00000000      2.03192062      5.12130886
      1.00000000      0.60214561      0.97722819
      1.00000000      3.02890294      2.30204072
      1.00000000      0.65586004      0.74695305
      1.00000000      1.54697838      4.16452237
      1.00000000      0.70800502      1.85341880
      1.00000000      1.76603521      2.82130558
      1.00000000      2.07417434      3.60123091
      1.00000000      1.96801454      5.96983283
      1.00000000      1.19590897      0.55862745
      1.00000000      0.39999774      4.44976082
      1.00000000      1.23678858      6.10785625
      1.00000000      2.17625039      5.86390886
      1.00000000      1.66724629      1.17877590
      1.00000000      1.68412825      5.07171067
      1.00000000      1.15527947      4.94507304
      1.00000000      1.93307910      2.12900960
      1.00000000      2.00457766      5.39298592
      1.00000000      1.25093595      3.84204321
      1.00000000      1.29346887      6.08866705
      1.00000000      2.84704390      1.77453303
      1.00000000      1.18629116      2.68353727
      1.00000000      1.41214132      2.60071881
      1.00000000      1.06804178      1.94343397
      1.00000000      1.30177398      5.66210081
      1.00000000      1.07528415      3.95215191
      1.00000000      1.52566218      2.59392025
      1.00000000      1.10146098      0.05118144
      1.00000000      1.68284714      6.13104951
      1.00000000      1.65190447      1.90074151
      1.00000000      0.62829636      4.06932178
      1.00000000      1.95012456      3.88792734
      1.00000000      1.12444340      3.27619809
      1.00000000      1.02234083      3.40287807
      1.00000000      1.94340407      0.58258927
      1.00000000      0.99229781      0.86969339
      1.00000000      1.41350622      2.05213991
      1.00000000      2.41070040      4.35490577
      1.00000000      2.35635650      2.08186831
      1.00000000      0.30868377      1.97287611
      1.00000000      2.01771026      0.56530311
      1.00000000      0.50227982      2.02594262
      1.00000000      0.63536315      4.80141160
      1.00000000      0.15249839      0.25985836
      1.00000000      1.97085828      4.09782291
      1.00000000      1.38495330      2.48702802
      1.00000000      0.30457693      2.26516410
      1.00000000      0.95066475      4.10775382
      1.00000000      1.83833165      0.16221907
      1.00000000      2.09315648      1.63166331
      1.00000000      1.67217095      5.36394027
      1.00000000      1.66832733      0.83092420
      1.00000000      1.74559611      4.21185246
      1.00000000      1.96440670      0.76497103
      1.00000000      1.34320737      5.24557481
      1.00000000      1.02018870      1.03428601
      1.00000000      2.21360334      4.22991044
      1.00000000      2.53676444      4.51777850
      1.00000000      0.62560548      3.38691502
      1.00000000      1.84358971      4.94880092
      1.00000000      1.41015323      5.75555349
      1.00000000      0.89771261      0.47598422
      1.00000000      2.10965345      6.12488783
      1.00000000      2.42603452      4.71673452
      1.00000000      1.24508885      4.83653770
      1.00000000      2.34156379      4.70941778
      1.00000000      0.84011827      3.76179768
      1.00000000      1.52576480      0.67081751
      1.00000000      1.32749734      6.13084427
      1.00000000      2.71082821      2.89259250
      1.00000000      0.96501527      3.22032728
      1.00000000      2.83892642      1.89843574
      1.00000000      2.40634210      3.44057096
      1.00000000      2.18338171      1.17958202
      1.00000000      1.85470228      2.37003141
      1.00000000      2.45125629      4.75023412
      1.00000000      2.56915742      4.13589738
      1.00000000      1.27434221      2.36855117
      1.00000000      1.59611197      2.19521803
      1.00000000      0.09967320      6.02109141
      1.00000000      1.19820138      0.15228520
      1.00000000      2.22397806      4.36228304
      1.00000000      1.30702762      3.79112245
      1.00000000      0.73802064      2.83147024
      1.00000000      0.64068154      0.84749607
      1.00000000      1.00195398      3.12105766
      1.00000000      1.84944425      4.57204215
      1.00000000      1.86368026      4.71643254
      1.00000000      1.71964789      5.34228720
      1.00000000      0.98048437      0.62182915
      1.00000000      1.98998866      2.57543646
      1.00000000      1.93390496      4.97796028
      1.00000000      1.44129760      1.76627510
      1.00000000      1.64656771      1.26854182
      1.00000000      1.31498739      4.65949952
      1.00000000      2.76593807      6.17263114
      1.00000000      0.97067784      4.48047116
      1.00000000      1.91980583      4.10992154
      1.00000000      1.38896826      2.76090944
      1.00000000      2.02843816      1.68229897
      1.00000000      1.52133587      4.14373100
      1.00000000      1.66925141      0.05585254
      1.00000000      0.58763617      6.10095606
      1.00000000      1.74655551      0.22374903
      1.00000000      1.89805081      0.36626110
      1.00000000      0.47195593      5.27259667
      1.00000000      0.63056094      1.43062087
      1.00000000      1.09834657      0.43476780
      1.00000000      0.83679535      0.23684349
      1.00000000      1.25242190      3.62705532
      1.00000000      1.79464125      4.31719041
      1.00000000      1.89470684      1.48402375
      1.00000000      0.99354193      5.32686640
      1.00000000      1.42878690      1.49793194
      1.00000000      2.02002819      1.69792373
      1.00000000      1.89367907      4.79782961
      1.00000000      1.23154801      3.83339563
      1.00000000      2.29951491      1.46296749
      1.00000000      2.37815763      2.68605230
      1.00000000      1.31774172      6.13212986
      1.00000000      0.42690289      4.25333646
      1.00000000      0.29212167      2.61181050
      1.00000000      1.43291652      5.39889060
      1.00000000      1.86904535      0.65323255
      1.00000000      1.30324777      5.69977115
      1.00000000      1.50984766      4.58078617
      1.00000000      0.98973455      1.68380105
      1.00000000      2.40736500      2.38339087
      1.00000000      1.64252585      2.83957059
      1.00000000      2.66961396      1.34259336
      1.00000000      1.33721306      4.84338846
      1.00000000      0.49018387      1.26104894
      1.00000000      1.71727114      5.81690545
      1.00000000      1.31729145      0.87461288
      1.00000000      0.25799259      2.85150667
      1.00000000      1.80420202      3.95079266
      1.00000000      1.70855942      5.57183366
      1.00000000      1.79751991      1.61728632
      1.00000000      1.34742530      4.31314081
      1.00000000      2.28699468      2.78620756
      1.00000000      1.48626997      0.78274377
      1.00000000      0.47761275      3.60795491
      1.00000000      2.91608304      2.85233298
      1.00000000      1.07701866      5.32674591
      1.00000000      1.96433564      2.44930678
      1.00000000      1.26082991      1.83423016
      1.00000000      1.44909485      3.97274698
      1.00000000      1.76854145      5.42713896
      1.00000000      1.50329028      3.59712828
      1.00000000      1.01795006      5.85658471
      1.00000000      0.90475630      0.27769594
      1.00000000      1.46708238      4.82927347
      1.00000000      1.76750558      1.27394290
      1.00000000      1.54328705      2.75302095
      1.00000000      1.67767255      3.20856426
      1.00000000      1.94711278      3.94981333
      1.00000000      1.53572441      6.01859553
      1.00000000      0.51045492      1.69624838
      1.00000000      2.75327570      3.69172837
      1.00000000      1.41496919      0.26486074
      1.00000000      1.00442000      5.53506438
      1.00000000      2.32597227      4.23147416
      1.00000000      2.29126635      5.75045459
      1.00000000      2.16555012      4.66814797
      1.00000000      0.31580070      5.85965171
      1.00000000      1.31058536      5.77514815
      1.00000000      2.25581255      0.39168414
      1.00000000      1.11298161      3.37974958
      1.00000000      0.70451827      4.53248050
      1.00000000      0.38732955      0.38908469
      1.00000000      1.39073867      2.19293673
      1.00000000      1.63980381      3.37283639
      1.00000000      2.61553997      3.51058242
      1.00000000      0.99876311      5.86949299
      1.00000000      2.32279503      3.30385427
      1.00000000      2.42588865      0.92336866
      1.00000000      1.90820120      4.54271464
      1.00000000      0.83678896      4.69329927
      1.00000000      2.17283666      5.91223763
      1.00000000      0.35135070      4.21324236
      1.00000000      2.68747771      4.07319888
      1.00000000      2.08340912      4.94441461
      1.00000000      0.73576162      2.53494037
      1.00000000      1.22530442      0.21168692
      1.00000000      2.76325314      2.33061610
      1.00000000      2.19018088      5.83760607
      1.00000000      0.84113470      5.28798130
      1.00000000      2.36307831      4.82426387
      1.00000000      2.48045604      0.96775084
      1.00000000      1.19032367      4.01999297
      1.00000000      2.45777951      3.21013196
      1.00000000      2.55782995      0.31943558
      1.00000000      0.97651794      2.91002600
      1.00000000      1.66025947      4.82771334
      1.00000000      2.32642536      4.36680175
      1.00000000      2.24121690      1.87758753
      1.00000000      0.42460580      5.30308162
      1.00000000      1.99678362      4.86871954
      1.00000000      2.47163660      5.24735435
      1.00000000      0.83651009      2.01559927
      1.00000000      1.17383168      3.14067773
      1.00000000      2.07503340      5.18092790
      1.00000000      2.11041119      2.86894453
      1.00000000      2.02145342      3.32769148
      1.00000000      1.40034839      1.85155819
      1.00000000      2.42771334      3.67325103
      1.00000000      0.34380060      1.87797441
      1.00000000      2.42729695      2.37087986
      1.00000000      1.32098137      2.86282678
      1.00000000      2.31880851      3.09171935
      1.00000000      2.01316834      3.29559427
      1.00000000      1.59161039      5.17532386
      1.00000000      1.72945460      1.67604385
      1.00000000      1.18588673      4.69263156
      1.00000000      1.11835968      3.69132575
      1.00000000      2.17954718      5.08985300
      1.00000000      2.79877170      0.69718115
      1.00000000      0.15310306      0.59603101
      1.00000000      0.70059673      5.79603135
      1.00000000      0.41814107      4.38683568
      1.00000000      1.75069225      4.96590196
      1.00000000      2.50611600      0.99881519
      1.00000000      1.42522638      5.54277039
      1.00000000      1.46071414      6.21962807
      1.00000000      2.33444933      4.08801671
      1.00000000      0.41577959      0.59311385
      1.00000000      1.28066075      5.21193817
      1.00000000      1.32623468      1.83088752
      1.00000000      1.68993224      4.09309328
      1.00000000      1.71910849      3.07818329
      1.00000000      0.94687108      5.43879435
      1.00000000      0.47547851      1.13723281
      1.00000000      1.61953450      2.99656448
      1.00000000      1.86443427      0.82968009
      1.00000000      1.96361642      3.10451210
      1.00000000      2.02582127      1.07443626
      1.00000000      0.20307267      1.12178953
      1.00000000      1.93791431      4.21116836
      1.00000000      2.50974301      4.31670041
      1.00000000      1.62735905      3.77872934
      1.00000000      2.95666869      3.06201910
      1.00000000      0.85892623      4.18080113
      1.00000000      1.13658728      0.11791497
      1.00000000      2.88011627      1.03730070
      1.00000000      1.76127505      1.64658633
      1.00000000      0.69348910      5.29439880
      1.00000000      1.64927142      4.85664580
      1.00000000      1.07597989      5.20301376
      1.00000000      1.15326078      0.50442744
      1.00000000      1.32698526      5.37878539
      1.00000000      2.12379490      0.32485451
      1.00000000      2.52525116      0.79066186
      1.00000000      0.70933969      0.36634256
      1.00000000      2.59333252      2.17491839
      1.00000000      1.71625806      3.92208401
      1.00000000      1.96385994      6.26685732
      1.00000000      1.42914789      1.75651395
      1.00000000      1.57477527      5.99180608
      1.00000000      1.80561541      0.46466654
      1.00000000      1.16406078      0.00423955
      1.00000000      0.66811772      3.37264564
      1.00000000      0.16752924      2.91472487
      1.00000000      0.78636825      1.73506990
      1.00000000      0.31115805      5.42694015
      1.00000000      2.86537843      0.84595987
      1.00000000      0.75409555      4.15288763
      1.00000000      2.13672339      4.11200850
      1.00000000      1.47048324      4.07756926
      1.00000000      1.37785156      1.55693503
      1.00000000      1.68942344      6.06546135
      1.00000000      2.06627314      0.75838563
      1.00000000      1.38222154      3.21892710
      1.00000000      0.11498136      3.86129893
      1.00000000      2.37318223      1.37426293
      1.00000000      2.00654608      4.65868510
      1.00000000      1.15611515      3.38974577
      1.00000000      1.02880468      2.29219987
      1.00000000      1.28997203      3.90018851
      1.00000000      1.11605276      2.41984624
      1.00000000      1.80759494      4.59075027
      1.00000000      1.25109142      4.93666225
      1.00000000      1.82601744      0.14135953
      1.00000000      2.04646577      1.88344730
      1.00000000      1.44608347      4.87189388
      1.00000000      1.59422932      4.92784404
      1.00000000      0.67661651      4.80617523
      1.00000000      2.70748588      5.60974141
      1.00000000      1.28717482      2.34213285
      1.00000000      1.92096215      0.78908537
      1.00000000      0.51681780      5.87576542
      1.00000000      2.31022268      4.16649524
      1.00000000      1.28999263      1.93347694
      1.00000000      1.26121712      0.01389128
      1.00000000      2.72141116      1.96660993
      1.00000000      0.87678992      5.80797987
      1.00000000      1.69253078      6.23474578
      1.00000000      1.06431557      1.19366958
      1.00000000      0.75067586      5.03972356
