     -0.64703158     -0.16529969     -0.74432933
      0.30365919      0.34302163     -0.88889103
      0.51338137     -0.52429599     -0.67937713
      0.48745798     -0.86047345     -0.14822338
      0.39815831      0.84634927     -0.35378365
      0.62060430     -0.77944568      0.08552620
     -0.81232952      0.44123691      0.38135382
     -0.02692496     -0.78235449      0.62225115
      0.46785979     -0.07371857      0.88072288
     -0.60280311     -0.50673712      0.61631639
      0.95508412      0.25043901     -0.15841283
      0.44915157      0.83586965     -0.31557059
      0.66328757     -0.72842121      0.17161626
     -0.81338463     -0.34086258     -0.47140020
     -0.55963765      0.63376629     -0.53399062
      0.42396609     -0.85926637     -0.28620632
      0.22236926     -0.68678873     -0.69200661
      0.88680559     -0.19264090     -0.42007777
      0.39290384     -0.76431815      0.51131628
      0.69739460     -0.29238821     -0.65433165
      0.61398245      0.07858260      0.78539819
      0.21107202      0.81179438     -0.54446165
      0.77538776      0.23666867     -0.58545859
      0.21688004      0.17090115     -0.96112218
     -0.23794378     -0.75552472      0.61038116
     -0.94739548      0.31870703     -0.02945562
      0.90301945      0.05556460     -0.42599114
      0.91291001     -0.26572702     -0.30981359
     -0.53967566      0.54315063      0.64322436
     -0.75993614     -0.14670143     -0.63322647
     -0.31458837     -0.07132740      0.94654454
     -0.27675049      0.96093152     -0.00444704
     -0.03000116      0.94442001      0.32736946
     -0.13138867      0.49691188      0.85779695
     -0.20971292     -0.96599524      0.15124046
      0.21715031     -0.72814085      0.65012049
      0.86802377      0.41733522      0.26900938
     -0.79799713      0.36365873      0.48057560
      0.29653457     -0.29862585      0.90713276
      0.33524442      0.25094068     -0.90809688
      0.50950051     -0.82571590      0.24207950
      0.55801462      0.82569999     -0.08269953
      0.62327154     -0.63411837      0.45763138
     -0.57975674     -0.38430426     -0.71846528
     -0.55404425      0.21591344     -0.80400022
     -0.42906699      0.30294545     -0.85095568
     -0.59380282     -0.21628326     -0.77499662
     -0.04217710     -0.99623323     -0.07576571
     -0.93791852     -0.12043930      0.32527407
      0.17281169      0.22751814     -0.95831707
      0.83584541      0.42310381     -0.34977937
      0.74575233     -0.65885473      0.09881244
      0.09811350     -0.14235376     -0.98494119
      0.48075589     -0.67413734      0.56072508
     -0.74258489      0.66492016     -0.08030474
      0.65516039      0.03374292      0.75473590
      0.91178273      0.12527985     -0.39109746
     -0.17876464     -0.77214508     -0.60978290
     -0.10439164     -0.70916208     -0.69727436
      0.48823654      0.81863009      0.30243983
      0.16048641     -0.98126865      0.10656433
      0.89731014     -0.39961997      0.18745236
      0.69424452     -0.55901618      0.45334915
     -0.81189150      0.55518320      0.18056523
     -0.35009699     -0.44623318      0.82359459
     -0.87599643     -0.46245040      0.13700320
      0.24900175     -0.52391627     -0.81456115
     -0.77629631     -0.43251773      0.45857654
      0.47196521      0.61840628     -0.62834904
     -0.38116495      0.61457743      0.69065756
      0.84918286     -0.52785057     -0.01619423
      0.43728634     -0.74806448      0.49917952
      0.17080050      0.53366938      0.82826577
     -0.49409834      0.86505984     -0.08682341
     -0.58141958     -0.53356650     -0.61421337
      0.88495573      0.03799599      0.46412247
     -0.47981934      0.65531418      0.58338386
      0.75111633      0.56857184     -0.33548520
      0.38708780      0.53510192     -0.75088546
     -0.35958515      0.66930141      0.65018008
      0.37678498      0.35889467      0.85394830
      0.72194496     -0.06872844      0.68852877
     -0.06698472      0.76826822      0.63661369
      0.64027711     -0.08724442      0.76317340
     -0.91129112      0.30658772      0.27486808
     -0.92139445      0.18151235      0.34363575
     -0.63409735      0.58701409     -0.50332396
      0.12829245     -0.95872004      0.25376550
     -0.65735838      0.71080633      0.25026850
     -0.91780228      0.39695670     -0.00802223
     -0.77985850     -0.55201906     -0.29511976
     -0.36030505      0.14933953      0.92080290
      0.22880734      0.80759019      0.54354879
      0.08987313     -0.98102098      0.17181577
      0.90542360     -0.41062401     -0.10768481
     -0.17725672     -0.66699567     -0.72366901
     -0.67282562      0.55416406     -0.49011007
      0.22575871     -0.93276984      0.28102211
      0.19897114      0.45553585      0.86769671
     -0.50843751      0.31093723      0.80300021
     -0.00195178      0.95477099     -0.29733576
      0.85411752     -0.13745980      0.50158556
      0.34078598     -0.44704539      0.82705219
     -0.44703642      0.64814207     -0.61649841
      0.54896186      0.69001359     -0.47172251
     -0.30584140     -0.85266684     -0.42358034
     -0.80448815     -0.30025546     -0.51248948
      0.33400922      0.88825238     -0.31534988
      0.45374867     -0.75014592     -0.48103351
      0.16164832      0.62473538     -0.76392115
      0.57148224      0.46639736      0.67519002
      0.13321312     -0.39119778     -0.91061439
      0.82257477     -0.10455081      0.55896321
     -0.30492179     -0.72239828     -0.62061536
      0.37929832     -0.87559631      0.29910515
     -0.49002440      0.84316527     -0.22124288
      0.18840950      0.35107609      0.91719542
      0.82509819     -0.36063944      0.43491628
      0.31970023      0.68746637      0.65205963
     -0.84875438      0.52406255      0.07052978
      0.07616322      0.93424961      0.34839178
     -0.08011133     -0.86705973      0.49172106
     -0.05708388      0.59870421     -0.79893348
      0.59246750      0.55121561      0.58748925
     -0.63790539      0.46577433     -0.61329519
      0.85809074     -0.38465318      0.34017968
     -0.10058685     -0.71405990      0.69282087
     -0.34822201     -0.85284976     -0.38908704
      0.79552614     -0.46245453      0.39150219
     -0.80069569      0.59371130     -0.07995810
      0.49009625      0.73457356      0.46926256
     -0.84472999     -0.42432845     -0.32615428
      0.37193302     -0.43992573     -0.81739292
     -0.89249643     -0.44511694      0.07294543
     -0.50012059      0.14209806      0.85421750
     -0.08271803      0.51908473      0.85071075
     -0.84237064      0.45860846      0.28300173
     -0.97892106     -0.20332175      0.01933463
      0.94239270      0.17462984     -0.28530757
     -0.06611880      0.27417423      0.95940440
     -0.49525704     -0.60256406     -0.62580909
     -0.08126416      0.96608080     -0.24512042
      0.69565691     -0.55405651     -0.45725578
     -0.35371980     -0.30422167      0.88449504
     -0.33729306     -0.18003938     -0.92402338
     -0.45308300     -0.01331911     -0.89136883
     -0.98500301      0.12413529     -0.11983113
      0.27038690     -0.23861677     -0.93271269
     -0.67305598     -0.66230567      0.32916082
      0.83678968     -0.53904564     -0.09598348
     -0.27207466     -0.87792776      0.39397744
     -0.85196623     -0.08880044      0.51601165
     -0.57727599     -0.66859143     -0.46876213
      0.40763657      0.07790850      0.90981465
      0.13397198      0.99087148     -0.01500736
      0.19689297     -0.53788538      0.81970268
     -0.53001678     -0.56741758     -0.63017419
      0.80954642     -0.56492648      0.15966422
     -0.77016260     -0.08564199      0.63207201
      0.11230214     -0.10209690      0.98841512
      0.57931182      0.04153348      0.81404716
     -0.81100929     -0.58207985     -0.05871094
      0.60199225     -0.69539383     -0.39247007
     -0.20790797      0.83294396      0.51281442
      0.69494185      0.25502793      0.67232178
     -0.54858469     -0.49486074      0.67391964
      0.11855798     -0.83793361     -0.53273941
      0.39231908      0.09554420      0.91485357
     -0.50406672      0.75257466      0.42373120
     -0.17630092      0.00887362     -0.98429632
      0.07618178     -0.11728550     -0.99017193
     -0.95223797     -0.11519437      0.28279515
     -0.51130737      0.83137118     -0.21768495
      0.67030497     -0.72152380     -0.17347809
     -0.13194306     -0.21751034     -0.96709890
      0.58591981     -0.19205584      0.78728174
      0.20758409     -0.97172383     -0.11252397
     -0.59628359      0.69663437     -0.39893162
     -0.30154948     -0.88051810     -0.36572637
      0.06939831     -0.89823739     -0.43399707
     -0.23644305     -0.79890119      0.55303849
      0.28857158     -0.37654422      0.88030727
     -0.00560646      0.42116270     -0.90696778
      0.96259398      0.03679302     -0.26843826
     -0.19403740      0.75626757     -0.62482705
      0.02053681     -0.85757347     -0.51395135
     -0.80036065      0.51546177      0.30614049
     -0.92265026     -0.00237841     -0.38563045
      0.91612616     -0.37663621      0.13732455
      0.21361157     -0.85903650      0.46521650
      0.57329305      0.80143534     -0.17040093
     -0.26257989     -0.09955791     -0.95976040
      0.07655454      0.76730398      0.63669774
     -0.24133724     -0.53769028     -0.80786478
      0.53196550     -0.13593609     -0.83578352
      0.87961375     -0.45586529     -0.13589146
      0.33982761     -0.91653916      0.21088661
      0.52296873      0.85186191     -0.02889611
     -0.29223115      0.89921370     -0.32560050
     -0.24674507     -0.75265929     -0.61042679
     -0.45760946      0.09345928     -0.88422788
      0.34935083     -0.65353673     -0.67144899
     -0.91902801     -0.10444081      0.38010476
      0.43430023     -0.63658923      0.63728915
     -0.10994354      0.95261713     -0.28360717
      0.64536082     -0.57231132      0.50593395
     -0.11073583      0.81319459      0.57135990
      0.44246922     -0.34588355      0.82739686
      0.78422809      0.44735873     -0.42994938
      0.20086229      0.89703814      0.39367108
      0.35866820     -0.75050452      0.55506764
     -0.41635413     -0.83626164      0.35681327
      0.96773586     -0.01478004     -0.25153301
     -0.09232964      0.56255917      0.82158531
     -0.21974134     -0.70833240     -0.67080470
      0.45608363      0.69253111      0.55891716
      0.53203294     -0.60689895      0.59043595
     -0.38494378     -0.59254495      0.70760778
     -0.35175580     -0.53987441     -0.76472445
      0.47493631     -0.88001807      0.00192460
     -0.30553231      0.83477901      0.45803276
     -0.18699007      0.60063378      0.77735049
     -0.72432707     -0.56445057     -0.39591141
      0.69311683      0.06636690      0.71776354
     -0.55543039     -0.37097218      0.74422894
      0.67853477      0.50031253      0.53784565
     -0.54794001     -0.81123486      0.20410720
     -0.78297788     -0.59688392     -0.17514346
     -0.52868186     -0.13887250     -0.83738278
      0.69781636     -0.69450515     -0.17525674
      0.24825024     -0.96307428     -0.10421013
      0.99038991     -0.03107051     -0.13476812
      0.65441236     -0.01529954      0.75598306
      0.29059177     -0.94572558      0.14546325
     -0.73482618     -0.56303676     -0.37817997
     -0.69674837      0.51799884     -0.49620451
     -0.75173304     -0.15713425     -0.64047347
      0.35834619      0.92481107     -0.12772035
     -0.55081301      0.82218251      0.14359995
     -0.81445014     -0.45778225     -0.35651982
      0.05174135     -0.94264879     -0.32975157
     -0.29610592     -0.94061614      0.16601977
     -0.01481514     -0.69652938     -0.71737531
      0.17801284      0.43819597     -0.88107645
     -0.53093508      0.38726638     -0.75374578
      0.88821741      0.43894214     -0.13564526
     -0.04825263     -0.76384784     -0.64359006
      0.30261641     -0.93478951      0.18598894
      0.51255450      0.53134065      0.67451093
     -0.12173153      0.83025989     -0.54392091
     -0.11273104      0.96459771      0.23841762
     -0.47634878     -0.20468797     -0.85509922
     -0.84791595     -0.45205996     -0.27691212
     -0.63731007      0.66493022     -0.38949157
     -0.11242304      0.47794076     -0.87116800
      0.68260432     -0.16456507      0.71201804
      0.08417402      0.93141875      0.35408169
      0.97890313     -0.06618467     -0.19330867
      0.48938576      0.11515494      0.86443098
      0.05498132      0.68233030     -0.72897354
      0.51615884      0.83514310     -0.19004225
     -0.84825248      0.13419511      0.51230792
     -0.96495804     -0.03793110      0.25964827
     -0.43890641      0.58777923     -0.67961514
      0.88337670     -0.45179910      0.12459204
     -0.19929745      0.46561626     -0.86225404
      0.68753333     -0.47527349      0.54901096
     -0.47260762      0.53825715      0.69779745
     -0.01218316     -0.34602502      0.93814618
      0.72733054      0.45369808     -0.51492556
      0.81640454     -0.17331782     -0.55085802
      0.27084605      0.93480149     -0.22975769
      0.94041442     -0.25231121      0.22794686
      0.05813384      0.55107570      0.83242780
     -0.69705550     -0.70136799      0.14898511
      0.92810178      0.37069893     -0.03477612
     -0.55217817      0.52297398     -0.64930539
     -0.03042142     -0.99542163      0.09061078
      0.32625550     -0.21925954      0.91950128
      0.91248218      0.37293072      0.16822291
     -0.44024590      0.42892050     -0.78880337
     -0.55307576      0.20763830      0.80684170
      0.39885586     -0.09163500      0.91242371
     -0.30006347     -0.42109807     -0.85594295
      0.62885547     -0.70689740     -0.32378521
      0.00554771      0.57451267      0.81847689
     -0.47136566     -0.13357127     -0.87176438
      0.74017066      0.64530510     -0.18902040
      0.90970299     -0.41524054      0.00397063
     -0.96878122     -0.00128661      0.24791387
     -0.01904042     -0.75776435      0.65225045
      0.61430258     -0.78900111      0.01046811
     -0.04310209      0.70432838     -0.70856456
      0.67107153     -0.42120144      0.61012486
      0.10570966      0.13228543      0.98555874
     -0.60224247     -0.74077874     -0.29757497
      0.99771587     -0.01939748     -0.06470537
     -0.70937751     -0.61162040     -0.35029137
      0.42201042      0.70862761     -0.56546805
     -0.75375282      0.44533181     -0.48325590
      0.00385309      0.94927336      0.31442844
      0.93298330     -0.32267293     -0.15945015
     -0.58023641     -0.62238416      0.52532244
      0.82004687      0.11981396     -0.55961393
     -0.33334969      0.78156632     -0.52728747
      0.23097174     -0.95856994     -0.16672050
     -0.82657668     -0.03490156     -0.56174093
      0.63770190     -0.29340335      0.71221539
     -0.70527123      0.44139280      0.55476561
      0.51263800      0.65999162      0.54919336
      0.02919563      0.92097249     -0.38853221
     -0.75943968      0.58804323     -0.27831015
      0.59115683     -0.33139812     -0.73532910
     -0.90667796     -0.04964410      0.41889203
      0.53312776      0.00218109     -0.84603194
     -0.36511873     -0.89276116      0.26394283
     -0.97323024      0.05316851     -0.22359788
      0.65212251      0.52109614      0.55063149
     -0.50879519      0.82640100      0.24122364
     -0.66522243     -0.69578842      0.27084608
      0.15608025      0.82427251     -0.54425526
      0.38368069      0.09670196      0.91838873
      0.51651628      0.85424140      0.05901326
     -0.56757478     -0.77158674     -0.28725036
     -0.75499980     -0.62790809     -0.18896226
     -0.23132426      0.78222128     -0.57846258
     -0.46137007      0.10049640      0.88149767
      0.08217760     -0.74745944      0.65920500
      0.82396058     -0.55770770      0.10025509
      0.32553430     -0.87791030      0.35114231
     -0.37603480      0.92027953      0.10808989
     -0.47054696      0.05309282     -0.88077620
     -0.13270081     -0.57835745      0.80491811
      0.86673616     -0.00454077      0.49874624
      0.11033243     -0.80874865      0.57771306
     -0.80305866      0.07250725      0.59147230
      0.86502374     -0.17004501      0.47203668
      0.34206317     -0.79484549      0.50121196
     -0.38510044     -0.87992051     -0.27827603
      0.54969546      0.80088716     -0.23751768
      0.25672543     -0.79748122     -0.54599978
      0.53651344      0.83867995     -0.09364444
     -0.45371363     -0.59312465      0.66509179
     -0.85120362      0.46237290      0.24832177
     -0.47547050     -0.12412002      0.87093170
      0.75362357      0.15574313     -0.63858875
     -0.05751438      0.86576221     -0.49713971
     -0.73796740      0.58572759      0.33515267
      0.59980560      0.45040501     -0.66133847
     -0.46848121      0.70019960      0.53874472
     -0.29726040      0.30676202     -0.90417549
     -0.43591138      0.81849425     -0.37423045
     -0.56599627     -0.04718026      0.82305665
      0.79512098     -0.06135365      0.60333934
      0.52808169      0.17082221     -0.83183502
     -0.14142654     -0.04292900     -0.98901751
     -0.05755764     -0.60609962     -0.79330346
     -0.45983607     -0.84192544     -0.28233373
     -0.02697529     -0.99921133      0.02913850
     -0.68035363      0.67082392      0.29515117
     -0.20676609      0.66035525      0.72192709
      0.32612044      0.43220107     -0.84074235
      0.94293761     -0.05754709      0.32795882
     -0.60552771      0.37826465     -0.70018001
      0.69587725     -0.71338493     -0.08268491
      0.36820831     -0.86025881      0.35267182
     -0.83394617     -0.28649182     -0.47165265
      0.57997661      0.74046705     -0.33961106
      0.66174281     -0.02672663      0.74925439
     -0.49055032      0.86186680     -0.12863131
     -0.76003460      0.02798728     -0.64927970
      0.20980227      0.95006556     -0.23099447
      0.64610437      0.68633224      0.33391196
      0.28410793     -0.21722650     -0.93386045
      0.65247342     -0.73275441     -0.19325997
      0.60714758      0.07262982      0.79126274
      0.59327284     -0.80194866     -0.07004057
     -0.16270486      0.06323207     -0.98464655
     -0.56977753      0.43400720      0.69784763
      0.45025984      0.89270859     -0.01836999
     -0.92880175      0.36835039     -0.04056234
     -0.52711554      0.29336491     -0.79755015
     -0.11006912     -0.94344901      0.31271194
      0.66593027     -0.56113580      0.49159280
      0.07069326      0.86014881      0.50512027
     -0.10684971     -0.65337979     -0.74945180
     -0.13044796      0.40716212      0.90399244
     -0.75063008     -0.65486268      0.08780288
     -0.93270964      0.34363576     -0.10939467
      0.71227894     -0.13272761      0.68923297
      0.46852153     -0.72624515     -0.50304628
      0.97731417     -0.08168310      0.19540952
      0.92803003     -0.37086006     -0.03497256
     -0.83505406     -0.42406037     -0.35051037
     -0.74291165     -0.65630359      0.13171134
      0.32144679     -0.17091367     -0.93137559
     -0.16958422      0.23811782     -0.95631642
     -0.39098518      0.72925425     -0.56153258
      0.24984449     -0.54695684     -0.79900935
      0.34373735      0.15300565      0.92651708
      0.02256606      0.64070376     -0.76745649
      0.88621325     -0.45821805      0.06828107
      0.98539667      0.11844918      0.12232413
     -0.26073543     -0.18863004      0.94680291
     -0.93439851     -0.24494970      0.25864853
      0.81793310     -0.52075961      0.24452988
      0.17439726     -0.70340230     -0.68906516
     -0.33042637     -0.62089078      0.71085375
     -0.58885227     -0.69126775      0.41881010
     -0.56909741     -0.01310742      0.82216564
      0.22874841     -0.20339292     -0.95200078
      0.76494009      0.40323856     -0.50226021
     -0.39669529     -0.37627862     -0.83728564
      0.36322644      0.68872673     -0.62747275
     -0.01101395      0.43346730     -0.90110199
      0.13765264      0.96255106      0.23355342
      0.66111774      0.71000198     -0.24252945
     -0.00435364      0.79502265     -0.60656411
      0.82497740     -0.05336433     -0.56264068
     -0.95205663      0.19647869     -0.23448730
     -0.85660976      0.18527734      0.48155168
     -0.37355103      0.74110898      0.55786836
      0.63651374      0.75166847      0.17275641
     -0.59228753     -0.65427546      0.47023303
      0.93498389     -0.10469429      0.33888675
      0.04423752     -0.73133853      0.68057843
      0.48788397     -0.85993129     -0.14995799
     -0.95095712     -0.28507628     -0.12005029
     -0.12410357     -0.70106750      0.70221269
      0.18783526     -0.76150893      0.62034028
     -0.03209341      0.14183099      0.98937050
     -0.11875104     -0.96426204     -0.23684784
     -0.98288023     -0.11501198      0.14393991
     -0.94123534     -0.18662020      0.28151189
      0.50217654     -0.25433270      0.82651897
     -0.76447358      0.56695176      0.30683197
     -0.91654463     -0.24860347     -0.31327664
     -0.42102306      0.67066531     -0.61069439
     -0.78624167     -0.11669344     -0.60680036
      0.40338199     -0.90676401      0.12272733
      0.54551329      0.76735563      0.33701718
      0.87605341      0.48124865     -0.03049839
      0.69797320      0.67557079     -0.23756581
     -0.16461920     -0.60627489      0.77803038
      0.18232065     -0.32719062     -0.92720304
     -0.54458925      0.76457404     -0.34474496
     -0.76910018      0.63492505      0.07317852
      0.59898103      0.20291634      0.77462680
     -0.61325738     -0.20203841      0.76360714
      0.33023080     -0.19406632     -0.92373474
      0.05385710      0.64831481      0.75946515
     -0.98980268     -0.14017894      0.02530844
     -0.70857250     -0.67612509     -0.20194025
      0.58504890      0.80242600      0.11760230
      0.57539721     -0.80490481     -0.14507346
      0.05761615      0.08143505     -0.99501192
     -0.29064296      0.14451943      0.94585453
      0.23585914      0.00931150      0.97174264
      0.83011787      0.53477932      0.15784612
     -0.52038098      0.36913129     -0.77002969
     -0.66377640      0.58818848     -0.46199048
      0.84275841     -0.12134925     -0.52443553
      0.89360206     -0.09870101     -0.43787381
     -0.06164093     -0.89554202      0.44068683
     -0.67653151     -0.12771586      0.72525428
      0.42141098     -0.29040668     -0.85911393
      0.86401894     -0.48974532      0.11670816
     -0.61239073      0.59357113      0.52215985
     -0.81752723      0.41491312      0.39936991
     -0.65113807     -0.37929411     -0.65738512
     -0.64402717      0.03007348     -0.76441127
      0.18498003      0.63517344     -0.74989139
     -0.24057912      0.65799893     -0.71355385
     -0.81826849      0.52812576      0.22697988
     -0.93289339     -0.23905088      0.26937817
     -0.15010909      0.97891203     -0.13855866
      0.48306224      0.83895721     -0.25060261
     -0.42745362     -0.19079708     -0.88367408
      0.60521664      0.79583889      0.01879550
      0.96355159      0.24526436     -0.10683505
     -0.46991563     -0.64340941      0.60432080
     -0.13877301      0.38049057      0.91431339
      0.15346209      0.55764780      0.81576854
      0.54901770     -0.05164177     -0.83421382
      0.92496532     -0.20170237      0.32211072
      0.20992693      0.30558719      0.92873417
      0.07923108     -0.80584368      0.58680354
     -0.89010271     -0.06875427     -0.45054413
     -0.05227221     -0.90483653     -0.42253813
      0.23944301     -0.90742947      0.34530971
      0.64028435      0.72369474      0.25749150
     -0.62570145      0.77981850      0.01951419
     -0.06350386     -0.14355640     -0.98760256
      0.42790773      0.35153651     -0.83265662
      0.64522915     -0.11951049      0.75458372
      0.51609959      0.65825720      0.54803164
      0.16042404      0.65218081     -0.74089427
     -0.64432644      0.49399209      0.58379385
     -0.06529142     -0.33823427     -0.93879423
      0.23496100      0.85334712      0.46539448
     -0.48472446     -0.75161872     -0.44733824
     -0.96101717     -0.27629790     -0.01026987
      0.25625947      0.57987164      0.77335630
     -0.08551938     -0.36906828     -0.92545936
     -0.13859114      0.31650068     -0.93841346
     -0.45139565      0.52713475      0.71997981
     -0.43003497     -0.86884711      0.24530516
      0.07864303      0.82023283     -0.56659807
      0.17512606      0.36024252     -0.91627299
     -0.85755038      0.43616873      0.27269799
     -0.34285286     -0.64022211      0.68743550
     -0.81636250     -0.32949308     -0.47432750
     -0.60653801      0.76257143     -0.22493655
      0.82810206     -0.49398358     -0.26500414
      0.92098408     -0.37673702      0.09928516
      0.74465313     -0.42219590     -0.51695487
      0.94213574      0.33460823     -0.02043460
      0.90951948     -0.40043420     -0.11147543
     -0.96453781     -0.20055096     -0.17159873
      0.65343901     -0.14182438     -0.74357468
      0.95246520     -0.03866914     -0.30218330
      0.21931426      0.97278125     -0.07481913
      0.01403604     -0.30958352      0.95076865
     -0.48954456     -0.87123089     -0.03609530
      0.83451316     -0.22588571      0.50255689
      0.92521835     -0.21887609      0.30994236
     -0.95116884      0.21644384     -0.22006796
     -0.28769652      0.68662260      0.66766767
      0.26000947     -0.78023689      0.56888090
     -0.96850491     -0.01835744      0.24831683
      0.35810506      0.35963063     -0.86164179
      0.16754378     -0.86228217      0.47791059
      0.79883943      0.37226435      0.47251964
     -0.73436059      0.67339182     -0.08519372
      0.07245588     -0.10763154      0.99154707
      0.86492449     -0.00992694     -0.50180383
      0.94178335      0.10714846      0.31869002
      0.59441787     -0.16413707      0.78722704
      0.35240825      0.44829610     -0.82148587
      0.78562680      0.38154359      0.48704725
     -0.89184437      0.44422230     -0.08532388
     -0.75604626     -0.20197049     -0.62257689
      0.11658877     -0.64040672     -0.75913522
      0.68037141      0.56680699     -0.46456924
     -0.59161345     -0.21986213     -0.77566370
      0.42338809      0.10195080      0.90019362
      0.20160309      0.54935533      0.81090376
      0.09082315      0.89187050      0.44307807
     -0.76639780     -0.08974836      0.63606575
      0.51366525      0.79088199      0.33264649
      0.01754712      0.79952738      0.60037327
      0.42461594     -0.16032727      0.89106480
     -0.44883059      0.49205508      0.74594430
      0.70633944     -0.16839952      0.68755087
     -0.47181801      0.39998296      0.78574894
     -0.55007208      0.80524260     -0.22137086
      0.83344905     -0.51464181      0.20126226
      0.91596054      0.34066835      0.21204093
     -0.53310711      0.68650286     -0.49448016
     -0.42041846      0.61547784      0.66665984
     -0.92241256      0.18885368     -0.33688183
      0.23492617      0.45723007      0.85775892
     -0.12325489     -0.63414240      0.76332932
      0.64905372     -0.35148087      0.67467805
     -0.54825678     -0.71642190      0.43145587
     -0.30875450      0.44388858      0.84120959
      0.85537927     -0.29446276      0.42616661
     -0.90461242     -0.11830219     -0.40948866
      0.75960520     -0.53080057     -0.37583332
     -0.83701483      0.43811804      0.32780904
     -0.29195715     -0.83522880     -0.46599772
      0.94022965      0.09273361      0.32767160
      0.57217015      0.27546606     -0.77248934
      0.60726542     -0.14809626      0.78057428
      0.01447475      0.94304566      0.33234826
     -0.86822639      0.17982678     -0.46243407
     -0.93185379      0.23025398     -0.28041328
      0.35548030      0.90899906     -0.21761080
      0.69406585     -0.06498872     -0.71697215
     -0.09893768     -0.16975747      0.98050688
      0.23073853      0.47248907     -0.85059615
      0.51623973      0.85453865     -0.05709850
     -0.25211159     -0.66077340     -0.70697826
     -0.43113115     -0.23668863      0.87069192
      0.73796886     -0.63217611     -0.23612567
      0.35270834      0.91421640     -0.19951239
      0.84211980      0.18443557     -0.50677190
     -0.73455893     -0.48775540     -0.47171797
      0.61398202      0.54348472     -0.57240758
      0.71222312      0.34031011      0.61394402
     -0.38134232     -0.77160977     -0.50911334
      0.85946791      0.00826832      0.51112283
      0.95145152      0.27878408      0.13045861
     -0.82308390     -0.22719481      0.52049536
     -0.54632407      0.44138679     -0.71183405
      0.01717976     -0.99427569     -0.10545475
      0.47578579     -0.39955569      0.78357076
     -0.76842638      0.63984939     -0.01066112
     -0.97157687      0.11744534      0.20553583
     -0.15308278     -0.25538114      0.95464451
      0.11907114     -0.68331338     -0.72035053
     -0.81676411     -0.53461494      0.21698676
     -0.41354352     -0.11538589     -0.90314332
     -0.50067125     -0.06529277      0.86317157
      0.82325761     -0.09674571      0.55936319
     -0.74926401      0.66137433      0.03445917
     -0.43015160      0.86742490      0.25008726
      0.93473810      0.12046768      0.33429361
     -0.66080542      0.13355490     -0.73857924
      0.14587685     -0.27310841      0.95085842
     -0.04083025      0.99873592     -0.02931633
     -0.57884549      0.75948546      0.29684967
     -0.45847120      0.02835534      0.88825679
      0.73041100      0.24581196      0.63724112
     -0.69088135      0.00046720     -0.72296801
     -0.92787432      0.11757554      0.35387178
     -0.06562858      0.99732725      0.03211299
      0.60797509      0.62712885      0.48690419
     -0.30140837      0.95167565     -0.05887660
      0.80540402     -0.55499327     -0.20810293
      0.89846524      0.39272595      0.19628177
     -0.53320590     -0.61910137     -0.57654572
      0.67310849     -0.44312891      0.59208254
      0.60657593      0.13141942      0.78408837
      0.46282906     -0.60112843     -0.65148589
     -0.82944991      0.54989557      0.09812086
      0.10602044     -0.99433754      0.00724680
     -0.37770203      0.85637608      0.35208122
      0.16798794      0.36100112     -0.91731033
     -0.82579904      0.56350059     -0.02286986
     -0.71237537     -0.10908944      0.69326822
     -0.89856092      0.42440257      0.11167246
      0.84581028      0.47076508      0.25096854
      0.77883772      0.35507895     -0.51704037
      0.17182438      0.02406493      0.98483362
      0.28267271     -0.63968015      0.71477650
      0.35765233      0.49884238     -0.78945620
     -0.61787976      0.75854965      0.20694693
     -0.49992809      0.84615266     -0.18465532
     -0.48200985      0.52160412     -0.70398554
      0.04558082     -0.99824885     -0.03770429
      0.40678520     -0.05454897      0.91189375
     -0.18447206      0.70784390      0.68185561
     -0.84730111      0.47846120     -0.23055523
     -0.64465933      0.63080028     -0.43186266
     -0.70385553      0.32337823      0.63246654
     -0.11749883      0.03710426      0.99237961
     -0.00505753     -0.73846453     -0.67427335
     -0.63135785      0.56473621      0.53146993
     -0.01055861     -0.76661367      0.64202180
     -0.80454452     -0.37009853     -0.46447302
      0.21909431     -0.43823564      0.87174951
      0.85539588     -0.07142079     -0.51302724
      0.05086345      0.01890393     -0.99852669
      0.72633602     -0.45330881      0.51666925
      0.03679852     -0.99063930     -0.13145209
     -0.71427081     -0.58249063     -0.38797148
      0.53111430     -0.45155331     -0.71694993
     -0.18189835     -0.80527698     -0.56430663
      0.79499979      0.34819545     -0.49672454
      0.59094635     -0.73474596     -0.33306275
      0.03559580      0.39620098     -0.91747355
     -0.13345311     -0.34930613      0.92745647
     -0.21864819      0.41858820     -0.88146292
     -0.87390158      0.38824191      0.29251369
      0.68247434     -0.61693702     -0.39194067
      0.39897841      0.91042908      0.10924798
     -0.29333683      0.86743576      0.40188145
     -0.84820571      0.37304168     -0.37601461
      0.47825547     -0.67075963     -0.56688026
     -0.07144450     -0.66540456      0.74305616
     -0.90105903     -0.23606524      0.36382114
     -0.06491238      0.00603186     -0.99787274
      0.83000188      0.55378476      0.06647792
     -0.46838975      0.32064832      0.82328349
      0.68186440      0.66426809     -0.30628229
     -0.59939641      0.44854719     -0.66297010
     -0.47632157     -0.21799501      0.85181919
      0.50311956     -0.39725923      0.76749971
     -0.16987907      0.72153162      0.67121772
      0.63758115      0.58763905      0.49816727
      0.07174162      0.22642557     -0.97138283
      0.45422541     -0.30917030      0.83551960
     -0.99039993     -0.02390839      0.13614833
      0.15815676      0.98728888     -0.01571937
      0.50641111     -0.61977262      0.59952455
     -0.41421195      0.33947632     -0.84450239
      0.87725645      0.18337070      0.44361730
     -0.29142508      0.11961034      0.94908629
     -0.39480105     -0.72439153     -0.56514515
     -0.83859962      0.39001508      0.38031422
      0.99221080      0.11031183      0.05787075
      0.69889362      0.70790687      0.10205670
      0.07953680     -0.20211245      0.97612727
      0.36584299      0.27599644     -0.88881093
      0.30125650      0.30071011      0.90488560
     -0.96480263     -0.24914233     -0.08416639
      0.83371367     -0.53254022      0.14602204
     -0.89616020      0.00296825      0.44372072
      0.83049062     -0.54044993      0.13490438
     -0.93567722      0.08768957     -0.34178748
     -0.65956216      0.75063385     -0.03907145
     -0.10414741      0.62125546     -0.77665628
      0.91305915      0.12349166      0.38868084
     -0.16584843     -0.72618972      0.66719022
     -0.76550797     -0.21452726      0.60660993
     -0.90081046     -0.32025328      0.29322065
     -0.43904133     -0.89563302     -0.07130359
      0.31299153     -0.77425596     -0.55005818
     -0.54142961     -0.69173029     -0.47787360
     -0.44151354     -0.80688466      0.39243208
      0.19242883      0.48825259     -0.85122297
     -0.07973680     -0.79341789     -0.60343193
      0.08320442      0.99286893     -0.08537157
      0.64318531     -0.70743393      0.29300153
      0.39850098      0.59982921      0.69383131
      0.21311756      0.96964979      0.11983400
     -0.27809236      0.70209189      0.65553918
      0.45138748     -0.74920485      0.48470758
      0.55075586      0.70689463     -0.44381072
      0.19145439     -0.77716125     -0.59947111
     -0.61964637     -0.65626973     -0.43052110
     -0.69618592     -0.68300020     -0.22098844
      0.44686125     -0.57031403     -0.68924374
     -0.47868226     -0.39936711     -0.78190102
     -0.92829855      0.35088959      0.12303779
      0.14415648     -0.45508868     -0.87869972
      0.90654888      0.21282860      0.36451765
      0.65224240     -0.40563466     -0.64034395
     -0.63844729      0.55145255     -0.53692191
     -0.53162071      0.34054564      0.77550506
      0.16790383     -0.65077488      0.74047306
      0.26075144      0.96540597      0.00007931
      0.89372893     -0.23956593     -0.37928454
      0.80893000     -0.22461201      0.54330627
     -0.62942941      0.45757841     -0.62804507
      0.14027755      0.87976756      0.45423700
     -0.43665613     -0.68820607      0.57939954
      0.41926614      0.76203513      0.49347579
      0.35826162     -0.44355132      0.82152957
     -0.60425443      0.10932902      0.78925519
     -0.64436687      0.08136211      0.76037592
      0.28214710     -0.92525809      0.25355567
      0.46630931      0.80875943      0.35841848
      0.79062969     -0.52003658      0.32321300
     -0.79714126      0.60221103     -0.04367711
     -0.78134524     -0.22011457      0.58399418
      0.68631896      0.28830359     -0.66771800
      0.97660350      0.15614629      0.14786462
      0.70775134      0.70555582     -0.03576342
     -0.38406172      0.73820256     -0.55457513
      0.08412198      0.68259511     -0.72593899
     -0.94642142      0.31776306      0.05755990
      0.48141585      0.07720975     -0.87308501
     -0.44081593     -0.22685640      0.86845696
      0.15733945      0.14278014     -0.97716842
     -0.16019224     -0.67245150     -0.72259769
      0.89646203      0.36499948     -0.25125926
      0.09062792      0.81164705      0.57707507
      0.78820650     -0.01643625      0.61519132
     -0.73099054      0.53390294     -0.42497116
      0.99138409     -0.05696711     -0.11795052
     -0.03878759     -0.59522908      0.80261938
     -0.55056744     -0.81652320      0.17368180
     -0.83008290      0.13420484      0.54124989
      0.97405636      0.18454870     -0.13098087
      0.90097844     -0.38555256     -0.19896499
      0.86672564     -0.06313106     -0.49477383
      0.24153992     -0.52961744     -0.81311982
      0.96434746      0.01183918      0.26437439
     -0.09619367     -0.92673784     -0.36318558
      0.76420246      0.14129803      0.62930873
     -0.73014780     -0.60463677      0.31827436
     -0.26024463      0.44179735     -0.85853820
     -0.45422343     -0.30809642     -0.83591727
      0.44433781      0.79730704     -0.40849162
      0.77156759      0.61393627      0.16663043
     -0.55569570      0.01607299      0.83123039
     -0.01239779     -0.83407772     -0.55150761
      0.33210093     -0.05505538     -0.94163574
      0.89481891      0.24456744     -0.37347809
      0.81416692     -0.53487905     -0.22591288
      0.86770015     -0.32835169     -0.37320452
     -0.76754620     -0.31402481     -0.55880340
     -0.44148113      0.56304181      0.69862603
      0.62143778      0.62141718     -0.47713287
      0.45894855      0.58311136      0.67033377
      0.09659241      0.38412427      0.91821482
     -0.15812225     -0.98736662      0.01022347
     -0.95266667      0.24136859      0.18484432
     -0.08850951     -0.97440165      0.20665793
      0.16550094      0.02084281      0.98598936
      0.86656128     -0.32615278      0.37775112
      0.36953292      0.87353863     -0.31682122
     -0.70753860      0.34052970      0.61921616
      0.53981620     -0.76997078      0.34021091
     -0.73342457     -0.46903332      0.49203266
      0.94649975     -0.27001506     -0.17672039
      0.81976973      0.42016291      0.38915386
      0.08149497      0.60627208      0.79107063
     -0.69057737      0.41045555     -0.59550746
     -0.17211554     -0.98034493      0.09643682
     -0.90168759      0.23321125     -0.36410439
     -0.06288945     -0.99800567      0.00544090
     -0.66850466      0.49970422     -0.55081504
     -0.81996839      0.22759305     -0.52521733
      0.60203887     -0.77462865     -0.19364825
      0.59800062     -0.31907390      0.73524629
      0.26061463     -0.30553568      0.91582092
      0.89529892      0.40129882     -0.19338850
     -0.58799306     -0.37309338     -0.71768064
      0.01718751      0.28576034      0.95814697
     -0.83756397      0.15149965      0.52491376
     -0.06622396      0.63079712      0.77311666
     -0.40390302      0.81673964     -0.41206639
     -0.85948840      0.48895677     -0.14899992
     -0.83808981     -0.46158572     -0.29076467
      0.59149635      0.33669147      0.73264652
      0.41781398     -0.90588226     -0.06934566
      0.82033396     -0.50571942      0.26702071
      0.18189461     -0.81905996      0.54410949
      0.38658053      0.07448298      0.91924305
      0.78604230     -0.61158964      0.08997564
      0.36370363      0.68934061     -0.62652150
     -0.68649699     -0.51326881      0.51505049
      0.68792460      0.35220733     -0.63459415
     -0.43120598      0.26947710      0.86107113
     -0.44845263     -0.52612822      0.72255058
      0.22391699      0.97153554      0.07732967
     -0.07136178     -0.95574769      0.28540121
      0.29000712      0.71802497     -0.63272112
      0.06795706     -0.76415511     -0.64144276
     -0.01115038      0.97332796     -0.22914700
     -0.38644981     -0.89484559      0.22340078
      0.14691493     -0.89543836      0.42024534
      0.00990935     -0.24213069     -0.97019304
      0.77661977     -0.49863070     -0.38500539
     -0.68908669      0.72314455     -0.04713272
      0.99708580     -0.06952116      0.03141204
      0.64345765      0.08636154      0.76059446
      0.27241916      0.35620611      0.89381486
     -0.83319130     -0.10901609      0.54213260
      0.21891571      0.84715422     -0.48415456
      0.65579853     -0.75150514      0.07189100
     -0.08219887     -0.44423141     -0.89213329
      0.04469430     -0.97229891      0.22942810
     -0.78414106      0.60972759      0.11556411
      0.36281234      0.12581063      0.92333032
     -0.56235228     -0.48593876     -0.66904666
     -0.62093711      0.33492808     -0.70870324
      0.04867949     -0.73553886     -0.67573138
     -0.80652336     -0.02992384     -0.59044444
     -0.38116303      0.72202631      0.57740173
      0.46578451     -0.79166389     -0.39536447
     -0.64541178      0.39293897      0.65501344
      0.84633649      0.48208472     -0.22651461
      0.28958923      0.55894863      0.77699067
      0.48804198     -0.81152739      0.32130722
      0.64598889     -0.45082322     -0.61600062
     -0.84589978     -0.51046756      0.15452000
     -0.93861143     -0.20656540     -0.27629570
     -0.14682210      0.98896286     -0.01989296
      0.88559030     -0.07865145      0.45775951
      0.27567561     -0.09914353      0.95612422
      0.04754363      0.69183770      0.72048608
      0.34185735      0.77993207      0.52425139
      0.34756877      0.09721634      0.93260117
     -0.37488956     -0.07097476     -0.92434863
      0.43047091      0.76290019      0.48236717
     -0.06322243     -0.41040231     -0.90971032
      0.89020764     -0.42507747      0.16382766
      0.31767513     -0.94750063     -0.03640157
      0.84574344     -0.27021152     -0.46011279
      0.11369320      0.76219697     -0.63728301
     -0.98705458     -0.07084631     -0.14388904
     -0.08270788     -0.84641603     -0.52606017
     -0.90093205     -0.03559182      0.43249817
      0.70364590      0.28468958     -0.65102557
     -0.51311862      0.81282075     -0.27573848
      0.33500669     -0.04859450     -0.94096179
     -0.74088669      0.21081767     -0.63768551
     -0.58576184      0.02619094      0.81005994
      0.59441403     -0.78026828     -0.19455943
      0.07188943      0.97870275      0.19228320
      0.95872081      0.02966842     -0.28279709
     -0.44326146      0.02154871      0.89613332
     -0.11290395     -0.99218242     -0.05316715
      0.78281919      0.53593392      0.31617867
      0.22721136     -0.13674015     -0.96419766
     -0.25551533     -0.54496984     -0.79857360
     -0.08966025      0.27424069      0.95747224
     -0.92778199     -0.37043346      0.04471719
      0.80548641     -0.31430157     -0.50240040
      0.73009646      0.32186851      0.60279335
     -0.61675810     -0.78700423      0.01528990
      0.60222126      0.22415005     -0.76621557
     -0.32358994     -0.60655914      0.72620628
     -0.08838862     -0.26297339      0.96074578
      0.22590216      0.01524816      0.97403065
      0.07707514      0.94407332      0.32060098
      0.04900000     -0.91561650     -0.39905567
     -0.99378768      0.10861059      0.02428559
     -0.94666531      0.13992221      0.29025259
      0.38858555     -0.27755570      0.87861488
     -0.88253518      0.46202609      0.08754174
      0.26646243     -0.38454761      0.88381045
      0.64652284     -0.11333464     -0.75442924
     -0.65016718      0.37269050      0.66210606
     -0.96776248     -0.11428265     -0.22444433
      0.84656087     -0.40712424      0.34290602
      0.37630871      0.43421735      0.81844184
      0.11149466      0.27926331     -0.95371953
     -0.55998801      0.35644092      0.74790594
      0.61265253     -0.08318279     -0.78596278
      0.94276152      0.08845238     -0.32152278
     -0.04607468      0.86142761     -0.50578612
      0.05708423     -0.10674220      0.99264671
      0.69198115      0.65106053     -0.31190105
     -0.79737888     -0.44560708      0.40696590
      0.53497811      0.78821415      0.30416588
      0.29249226     -0.27388365     -0.91620742
      0.18483128     -0.87288329      0.45156635
      0.82473088      0.43960274     -0.35576453
      0.08766485      0.22873794     -0.96953279
      0.75025245      0.23950051     -0.61624732
     -0.44300023      0.69019932      0.57216755
     -0.27682063     -0.82954819      0.48499499
      0.30416450      0.29851452      0.90463973
      0.27364662     -0.21928130      0.93650053
     -0.76754673     -0.57368006     -0.28594266
     -0.28989839     -0.53953050     -0.79048452
      0.41118257      0.90328670     -0.12248276
     -0.63522721     -0.77208438     -0.01928991
      0.77361185      0.14946276     -0.61578048
     -0.81066723     -0.55190743     -0.19549125
     -0.87269691      0.48778946      0.02148388
      0.32165813     -0.69069775      0.64766710
      0.34464400      0.91810322      0.19572171
     -0.63603387     -0.50450413      0.58389768
      0.22293890      0.92206501      0.31637693
     -0.78012456      0.62528511     -0.02059623
     -0.80651017     -0.03036634      0.59043986
     -0.04784480     -0.20377340     -0.97784829
     -0.20083771     -0.96641845      0.16031093
     -0.05709638      0.82697013      0.55933926
     -0.93753514      0.28732690      0.19614054
      0.99687814      0.05354684     -0.05802342
      0.78482785     -0.38014583     -0.48942251
      0.59445510      0.37577043      0.71092877
     -0.91220470      0.02896529      0.40870967
     -0.75167243      0.23240985      0.61723109
      0.00884825      0.72650339     -0.68710591
      0.58214578     -0.78111189     -0.22576650
      0.71344723      0.11048665     -0.69194346
     -0.44705598      0.86428178     -0.23056008
      0.54687640      0.54952860     -0.63162055
     -0.23193783      0.93577268      0.26558303
      0.48473970     -0.17143757     -0.85769259
     -0.72171058      0.61479257      0.31806277
     -0.03366576      0.71539714     -0.69790655
     -0.51566567      0.20351108     -0.83226928
     -0.28277625      0.83881295      0.46522085
      0.65544140     -0.70136856      0.28014053
     -0.79167427     -0.09001669      0.60427547
     -0.37101866      0.24696195      0.89518431
      0.70635673      0.22234332     -0.67202948
      0.03285900     -0.33628305      0.94118755
     -0.78216892      0.50061197     -0.37094399
     -0.33826329     -0.51129171      0.79003718
      0.80259906     -0.05883010      0.59361079
     -0.22947217     -0.93070272     -0.28484202
      0.21696660     -0.91173190      0.34881289
     -0.34477838      0.92915192      0.13343376
      0.09466681      0.95429762      0.28346825
     -0.02297735      0.70264679      0.71116773
      0.35488326     -0.76862458     -0.53223503
      0.80353809     -0.11306065      0.58441751
     -0.23082186      0.16593670      0.95874203
      0.69256058      0.54879475     -0.46817108
      0.80432547     -0.45000821     -0.38801180
     -0.73514289      0.18861006      0.65114605
      0.48036860     -0.77311296     -0.41417672
      0.24305510     -0.75111672      0.61379792
      0.98376358     -0.08590200     -0.15757556
     -0.66821304     -0.74310721      0.03581918
      0.44916687      0.89331612     -0.01534414
     -0.04496211      0.42241816      0.90528521
      0.34235852     -0.80261025     -0.48847460
     -0.12117716      0.01605590     -0.99250103
      0.51583465     -0.70703769      0.48374820
     -0.77747747      0.21354544      0.59154639
     -0.63326627      0.44140785     -0.63571452
     -0.68040767      0.03617248     -0.73194054
      0.00512304      0.78253710      0.62258288
     -0.41111683     -0.75757968     -0.50700688
     -0.21500940      0.15976070     -0.96345601
      0.59469748     -0.28922602      0.75012213
      0.54522957      0.64625450      0.53392869
      0.09790060      0.51608062     -0.85092671
      0.52476223      0.78274429      0.33456835
