      1.34011499     -0.71682965
     -0.96627921      1.29828114
     -1.02761124     -0.17357318
     -1.51165502      0.33846423
     -1.51110960     -0.49065100
     -1.36036591     -0.03175033
     -0.04162512      1.29471350
      0.75095069      0.98742204
     -1.14368631      1.24030106
      1.82769072      0.79274633
     -0.35785435      1.16139138
      0.29011274      1.52863722
      0.21971999      1.95953821
     -1.38312935      0.60251227
      0.57216427      1.31802289
      1.16845070      1.46244402
     -0.57887273     -1.47180925
     -0.87896945     -1.31599263
     -1.61387284      0.74809683
     -1.96590047     -0.05065810
      1.30650168      0.66158066
     -0.37865796     -0.95175059
     -0.15678915      1.09183674
      0.94974023      1.31234144
      0.81101791     -1.67887152
      0.48280545      1.42424113
     -1.70686527     -0.61540395
     -0.00795786      1.81450222
     -0.46533407     -1.70418410
      1.56997830      0.14709290
      1.97199953     -0.14442852
      1.41284098     -0.89542020
      1.45778211      0.64381038
     -1.07239714      0.61778592
      0.38349969     -1.00882438
     -0.23669817      1.86139262
     -0.95090235     -1.51719671
     -1.43803265     -1.12511704
     -0.84418042      0.96581105
      1.03168644     -0.54074024
     -0.46918357      0.92256239
      0.62857287      1.14277680
     -0.50491874     -1.91000773
     -0.91586735     -0.80096021
      0.24877966      1.10154397
     -0.04686169      1.13716295
      1.55939156      1.05970618
     -0.68610714     -1.49765265
     -1.34772836      0.65247325
     -1.82602983     -0.74801723
     -0.24286800      1.96916244
      0.97020567     -1.24008634
      1.46245602      1.20838766
     -1.25428695      1.44078858
     -0.04499852      1.18582433
      0.03032768     -1.75267254
      1.04051992     -0.48844655
      1.61406323      0.60558846
      1.85572111      0.21921888
     -1.54379308      0.52760151
      1.30628119      0.54400024
     -0.96577724     -1.55654549
     -0.59133907     -0.85038818
     -0.40763499      1.29779190
      0.17559302     -1.51065079
      0.51223932      1.22039504
     -0.33226063      1.29096029
      0.91198432      1.19073768
     -1.57881041      0.67582646
      0.19427851      1.09075825
      1.53019155     -0.31100330
     -0.11654084      1.08052950
     -1.00416641      1.02752549
     -1.65792615      0.18883014
      0.84341075     -1.11386859
      1.31559104      1.48982643
      0.98344827      0.83532281
     -1.17372683     -0.83492790
      1.51778583     -0.14687691
      1.03186301     -0.37461764
      0.18625067     -1.27708301
     -1.07766741      0.86659685
      0.29468051     -1.94858829
      0.09351335     -1.77298612
     -1.54082337      0.81662876
      0.20246655     -1.95196914
      1.69206970     -0.57752987
     -1.08599519     -0.07805384
      0.94878232      1.22172810
     -1.16040680     -0.74599012
      1.28041231      1.36147386
     -1.25447257      1.20945523
     -1.35310480     -0.90113237
     -1.25512797     -1.32672317
      1.23683695      0.71463557
     -0.99334146      0.63569648
     -0.94083016      0.71180721
     -0.95898316     -0.28492899
     -1.94635980     -0.35994680
     -1.08210397     -1.08421706
      1.92136093      0.14546474
      1.26997993      0.81119546
     -0.22751702     -1.02673350
      0.20993513      1.57453466
     -0.86582012     -1.46696185
     -1.09009732     -0.92174064
      0.16655361     -1.66814110
     -1.67437637     -0.38168503
      0.92974612      1.58817576
      1.59011538      0.08065533
     -1.37500681      1.04526412
     -1.58953793     -0.09529791
      0.97298089     -0.90218473
      1.02126978     -0.22033149
      0.99715298      1.37556165
      1.50749143      0.86063432
      1.06019762     -1.30133531
      0.37549382      1.36313591
      1.47209280      0.22580626
      1.45436061      0.41614698
     -1.29558663      0.90561219
     -1.36413464     -1.14132866
     -1.46137109      1.16010200
      0.75104250      1.69290682
     -0.83339545      0.67503446
     -0.14988425      1.59961875
      1.05265840     -0.02976067
     -0.96931677     -1.61378844
      0.31353159      1.47679711
     -1.38067643      1.24448547
      0.97862083     -0.36403091
      1.54489425      0.25610420
     -1.70138419     -0.24318070
      1.41611437      0.58801963
     -0.84064905     -1.50878458
     -1.00994040     -0.96392861
     -0.03884505      1.68586987
     -1.50068911     -0.01968635
     -1.45393925     -1.14782980
      0.45136203      0.90042164
     -1.33729528      0.64368639
      0.11445227     -1.33977560
     -0.46944046     -1.91658597
     -0.77907929     -0.99259087
     -0.49874001      0.92031142
     -0.56418722      1.32932123
      0.84971191      1.14192022
     -1.37013051     -0.71364487
      1.49406037     -0.43069779
      1.07683795      0.09376554
     -0.37277804      1.01443592
     -1.35236540     -1.06377378
     -1.25188952     -0.37855180
      1.19087080     -0.24505621
      1.44601991      0.05125756
      0.16501642     -1.24057062
      1.49341236      0.79513199
     -1.51758386      0.31608887
      1.55765542     -0.08759514
     -1.25261254      0.85095248
     -0.75048334     -1.48743037
      1.69553269     -0.52054742
      0.30577327      1.95594332
      1.20130438      0.61931316
     -1.74103253     -0.33469468
      1.50089267     -1.26879411
     -0.33477014     -1.10493401
      0.87419943      1.25369112
     -0.74058563      1.75372642
      1.44441111     -0.15381772
     -0.02344889     -1.92896829
     -0.05343698     -1.77670698
      0.97974265     -0.89488756
      0.51116407     -1.66184318
      0.74067956      1.76338703
      0.96561661      1.28200111
      1.66834838      1.09370153
     -0.36618057     -1.25611809
     -0.25914139     -1.31026378
      0.37565006     -0.94384121
     -0.66794504     -0.94278319
      0.55905604      1.36867337
     -1.86013702      0.39958077
      0.99942797     -0.28314820
     -1.47722976     -0.51276979
     -0.02081589      1.17221338
      1.13810856     -0.67338903
     -1.24881969     -1.36512134
      1.10190108      1.13602418
     -0.72492658      1.35757556
     -0.38966055     -1.59048971
      0.48717973      1.13161018
     -1.15372136     -1.13926245
      1.73624449     -0.89927237
      0.61896753     -1.07041655
      0.14431718     -1.62607236
      0.89764528      1.56278852
      1.49907846     -0.28690020
      1.03891367      0.90031835
      1.23477192     -1.33583614
      1.48350335     -0.45609034
     -1.43695442      0.96156435
     -1.09153494     -0.67011624
     -0.00825154      1.81004163
      0.70578881     -1.05102467
      1.30575056     -0.33271138
      1.05429924     -0.84378601
      1.90536309     -0.57853206
      0.34731074      1.36838689
     -1.83062885     -0.47492286
     -1.04653594      0.83920157
     -0.30448954      1.05920813
      0.64874778     -1.47448218
      1.51074587      1.27604978
     -0.19063631      1.19577192
     -1.50721125     -1.17332716
      0.52680894      1.63653895
     -0.86442399      0.97706200
     -1.82948600      0.02999499
      1.30386857     -0.77762611
     -1.13980944     -0.28893603
     -1.10905247     -0.92362983
     -1.11224606      0.91232322
      1.32025258      0.40652366
      1.64025732      1.12705326
      0.08866051     -1.89277407
     -1.31741293      1.20014551
      1.75074074      0.31706728
      0.60061277      0.97508963
      0.71658484     -1.51827172
      0.05284562     -1.09618407
      0.07664325      1.32240410
      1.57719284     -0.69409640
      0.38376465     -1.85155377
      0.87130454      0.50000312
      0.44900348      1.51544631
     -0.25919228     -1.14293370
      0.62908384      1.02058741
     -1.71627681      0.96003801
      0.21774397      1.51055426
     -0.29271036      1.91846192
      0.94715889     -1.54954124
     -1.53160524     -1.19971924
      1.30579291     -0.72624061
      1.11112214      0.50114280
      0.15554838      1.05096016
     -1.17197182     -0.69312010
     -1.59288409     -0.69503786
      1.19725190     -1.03577453
      1.57515162      0.76499180
      1.73957360     -0.82472038
      1.72687677      0.52462145
      1.72227937     -0.22838731
     -0.90500663      1.75833469
      1.20449488      0.30283127
     -0.23602601     -1.69298149
     -1.00123069     -1.46375901
     -1.29661511      1.46977301
     -0.75878082      0.86633461
      1.25704529     -1.13279606
      0.03413173     -1.57164031
     -1.95339584      0.35930018
      1.26584964     -1.22955657
      1.56643842     -0.45386824
     -1.61139847      0.91911146
     -0.21203135     -1.52194755
     -0.06909306      1.65182456
      1.53739179      0.32488534
      0.71564565     -1.58536774
     -0.77596203      1.51382087
     -1.15292786     -0.28298039
     -1.37847914     -1.27968289
      0.25298069      1.33913981
      1.14184122      0.14829251
     -0.98764451      0.33201921
      0.28538611      1.46831552
      0.96165280     -1.72627413
     -0.36185259      1.65137947
     -1.06768674     -0.26068431
      1.64062258     -0.55204713
      1.09004783     -0.30624749
      0.04102472     -1.82896012
      1.64704229      0.81232862
     -1.76733319     -0.02822934
     -1.50528276     -1.02153961
      0.31183873     -1.28909388
      1.59458645      0.17458302
      0.05262750     -1.59343991
     -1.58386590     -0.58452862
      0.44177813     -1.53227387
      0.06876193     -1.77423035
     -1.15013776      0.31805676
      0.91390766      1.23584423
     -1.09921198     -0.60907975
     -0.79251020     -1.24477394
     -0.94967435      1.68167536
     -1.23978805      1.06929600
     -0.87026406      1.13775356
     -1.43201135      1.37965370
      0.74747938     -1.25957307
      1.66819759     -0.99179655
      0.24053500      1.56916596
     -1.59611615      0.61193850
      1.27792955     -1.26332590
      1.37216315     -1.15325380
      0.42322687     -1.57497498
      1.13449303     -1.60862382
     -0.59461479      1.47940508
      1.21290652     -0.04188954
      0.81311740     -0.82698939
      0.81999363      1.67120968
     -0.11398045      1.45227227
      0.17897810      1.15442394
      0.48736612      1.47127690
      0.73804477     -0.72357016
     -0.11392974      1.43334369
     -1.85019051      0.22153377
     -1.20393989      0.03153610
      1.52233750     -0.06370000
     -1.24098920     -1.17637197
     -0.52203680      1.03785261
     -0.98325888      1.26265849
     -1.16964914     -0.89091815
      1.48804016     -0.87334392
     -1.39102560     -0.77113775
      1.81986851     -0.22073527
     -1.38188344      1.07763406
     -1.17064818     -1.42252467
      1.05996962     -1.20642340
     -0.38225953     -1.58851379
      1.47388003      0.72410146
      1.18383872      1.14729885
      1.74553336     -0.06702366
      0.02018091      1.54704623
     -0.20883508      1.64488240
      1.16007559      0.83349643
      0.97082123     -0.71805696
      1.06931352      0.53541239
     -0.82844444      0.86490172
     -0.09055277      1.77317549
      1.21876887      0.16948452
      1.29365558     -0.32253228
     -1.94931326     -0.07559667
     -0.19761954      1.33678214
      0.48836311     -1.93146601
     -0.89495379     -1.39084880
      1.61477860      1.07338470
     -0.94941159     -1.71219023
      1.86285831     -0.12523904
      0.02110405     -1.62360718
      1.41646856     -0.87000327
     -1.69318725     -0.35422988
     -1.50039195      1.00774174
     -1.18588660      1.48204892
      0.68575274      1.23850301
      1.42410451      1.01992286
      1.61116360     -0.07289075
      1.44697113     -0.05772979
     -0.67580957     -1.53099280
     -0.00866049      1.08251396
     -0.43176896      1.87974350
     -0.62393315      1.70533689
      0.63818197      1.31039196
      1.31905264     -0.56233749
      0.42372865      1.48773186
     -1.26375314      0.37439421
     -1.96146734      0.25343816
      1.14342533      1.57623358
      0.71243583      1.00980510
      1.38277260     -0.92615512
     -0.08326582      1.40446432
     -0.49893392      1.62542934
      1.40444783     -0.43880854
     -1.73603362     -0.31189389
      0.08515715      1.32489598
      0.94039734      1.39902719
      0.68260825      0.73397721
      0.42895643     -1.46942877
     -1.50159579     -0.34188129
      1.53283598     -0.05430641
      1.47254372     -0.97082476
      0.74123162      0.85734579
     -1.75291989      0.71155227
     -0.19287445      1.97205629
     -0.41602539      1.83566187
     -1.54386442      0.98823679
      0.08933734      1.88874614
      1.03880467      1.07920256
      1.15640316      0.57262039
     -1.53676484     -0.17481887
     -1.51532533     -0.71772015
      0.92440987      1.13512329
     -0.08937690      1.09027887
     -1.05736404     -0.03142797
      1.64425822      0.88073507
      0.90780250      1.57498223
      1.09002546      1.14352684
     -0.05335281     -1.37889459
      1.55418745      0.45453072
     -1.69779484     -0.79271670
     -0.05615306      1.37929887
      0.30258527      1.67853848
      0.69795539     -1.60720205
     -1.27503574      1.28780744
     -1.19639703     -0.18911040
      0.59035613     -1.91041832
      0.34095590     -1.94115419
     -1.24388274     -0.25396161
      1.83736528     -0.60868903
      1.01066455     -0.82771031
      0.06428965      1.69712775
      0.79679308     -1.82105181
     -0.93084691      1.60845565
      1.11516780      0.53075738
      0.17961461     -1.31879887
      1.15412021     -0.94019110
      1.30084819     -1.40806663
      0.94003979      0.52067315
     -0.36321616      1.73112177
     -0.13444938      1.28560919
     -0.66799159      1.44657589
      1.04434200     -0.19298543
     -1.50305612      0.00110245
      1.43887023      0.50125253
     -0.90186100     -1.71886601
     -0.33567634     -1.12554151
      0.81524036      1.52426066
     -1.78609413     -0.51585831
      1.24664261      1.13136738
     -0.06955878     -1.81035261
     -0.01266688      1.69564640
     -1.77578272      0.05403699
     -1.36533018     -0.74548709
      1.55146014     -0.42440064
     -1.11640260     -0.66293727
     -0.25581993     -1.69637726
     -1.12897308     -0.25418893
     -0.65731157      1.73603565
      1.97685718     -0.19518434
     -0.98362927      0.34304612
      0.27968267     -1.15934147
      1.45858252      0.75182635
     -0.63968943      1.27590574
     -1.07214374      1.35066375
      1.11734201     -0.80641624
     -0.89422533      0.48344999
     -0.92220726      1.56227343
     -1.79089351     -0.27732673
     -1.58565913     -0.27430661
      1.58454679     -0.31065830
      0.85637861     -1.41257234
      0.98652670      1.66268013
     -0.84909297      1.65453667
      1.43676788      1.29296597
      1.02236152      0.59174698
      1.43685285     -1.23205972
      1.94228294     -0.34558642
     -0.96846463     -1.36625512
      0.48089916      1.58109291
     -1.11275607      0.64993633
      1.51466103      0.71119989
      1.74359480     -0.58369364
      0.21251834      1.59253266
     -0.49129778      1.34804227
     -1.21554866      1.08572142
     -0.20875657     -1.83884692
     -0.64915330     -1.28446208
     -1.05501793     -0.58920630
     -1.30353735     -0.07989926
      1.41319498      1.18588033
     -1.15959414     -0.58099216
     -1.03515035      1.27465466
      1.27255928      0.33108339
      0.46794203      1.50618181
      1.30773594      1.23098386
      1.38184005     -0.00202212
     -1.96113529      0.16778544
     -1.67501353      0.27406680
      1.87978900     -0.18274514
     -1.16250737      0.32654020
     -1.05729560      0.85253560
      1.40394320     -0.10348835
      1.83659331     -0.10742741
      0.56323812     -1.73410041
     -0.39873343      1.11699484
      0.68512749     -1.41915280
      1.71532796     -0.13398800
     -0.77783852     -0.67400604
     -0.53385974      1.63497473
      0.22438147     -1.14994316
      1.07326274     -1.57065255
     -0.22690913     -1.64746855
     -0.67405385      0.85946561
      1.61633187     -0.14371402
     -0.07131069     -1.07646231
     -1.61859201     -0.97376856
     -1.16369584      0.60462794
     -0.31695528     -1.11059345
     -0.52510438     -1.59910745
     -0.05583366      1.54183533
      1.25733701     -0.86544332
      1.55677150      0.45176966
     -0.16528758     -1.06712400
      1.04678644     -0.40498746
     -1.66878300     -0.64032038
      1.32291433     -0.84376354
     -0.06205862     -1.34711997
      0.22868989      1.14093312
     -1.82721686     -0.37653230
      1.34468560      1.12109909
     -1.54890063      0.59977535
     -1.35540263      1.26737992
      1.29474723     -0.40781406
     -0.97989285     -1.22923975
     -1.13732951      0.49724867
     -0.61521967      1.27885881
      0.01996483     -1.51607324
      1.30276095      0.68449551
      0.67198209     -0.83750352
     -1.01572650     -1.22946206
     -0.61967318      1.49065191
      1.76446474     -0.02906359
      1.31506816     -0.51704651
     -1.35409070      1.06356464
      0.71109948      1.41208896
      1.01660912      0.51677966
     -0.34338928     -1.00622808
      0.30310834      1.02883343
      0.77260985     -1.37769812
      0.63736666      1.11481898
     -0.88445165     -1.41041859
      1.62577071      1.00731902
     -1.25758834      0.70275728
     -1.65664895     -0.87080062
      1.04587351     -1.08079833
     -0.98618449      0.97305063
      1.60144765     -0.96434603
      1.29929821      0.14593655
     -1.34560446     -0.51930648
     -1.54490251     -0.50790094
      0.71942428     -1.50000630
      0.93236550     -0.85844281
     -1.36538131     -1.20429512
     -0.81057793     -0.81518607
     -1.70626982      0.61019490
      1.45678647      0.30082502
      0.06776585      1.83400564
     -1.33618572     -1.44495686
      0.04611315     -1.26175884
     -1.70305691     -0.81962919
      1.11625579     -0.37481057
      0.66263364     -1.63265398
     -1.22583670     -1.23692756
     -0.20081980      1.42704608
     -1.58060335      0.18900023
      0.22113615     -1.87220308
     -1.30282118     -0.86083052
      0.09414159     -1.29004867
      0.48149813      1.06223535
      0.44119960      1.22859587
      0.32523736     -1.60170758
      1.03144347     -1.36599437
     -1.11150278      0.86449523
     -1.65320064     -1.11559493
     -1.87875275      0.51615435
     -1.79133516      0.59384680
      0.28425288     -1.19409701
      0.11627845      1.84061021
     -0.93885158      1.01326400
     -0.56413218     -1.09018384
     -1.54006833     -0.07668779
     -1.38260179      1.28433185
      0.41864340      1.08264749
     -1.76525591      0.21899773
      1.35663191      0.01527572
      1.29144564      1.36397539
      1.17446679      1.46672130
     -1.36840379     -0.00227376
      0.76544120      1.55127236
     -0.96620809     -0.63465326
     -0.75602425      1.16509417
     -1.17897550      0.08980619
      0.70192441     -1.44007215
     -0.10853931      1.51624750
      0.96707292      1.68450472
      0.37343996      1.54915264
     -0.82104982      1.28642190
      0.80085106     -1.27864947
      1.08643873      0.23214349
      1.28144563      0.94399391
      0.00761660      1.56529084
      1.56249024      1.19732308
     -1.39512011      0.89170962
      1.37213450      0.30943573
      1.82265904      0.17678997
     -0.75850247      1.17183026
      1.01979101     -0.45775735
     -0.56917085      1.20328323
     -0.96424263      1.51886382
      1.39975561      0.48933317
     -1.92832864      0.04707339
      0.71489928      1.36763083
      1.57258286      0.31082069
     -0.66828538     -1.85829577
     -0.27901567     -1.58105531
      0.66623907      1.17400548
      1.37490884      1.04726320
     -1.15233620      1.23133980
     -1.12447544      0.63150720
      0.74729253      1.21464193
      1.32609265      0.20141884
      0.92833645     -1.47669883
     -0.09396004      1.11965614
     -1.54643637      0.56064341
     -1.08109291     -1.23606098
      0.40981608      1.17459090
      0.04146324      1.64836414
     -0.73502369      1.29248704
      0.49907376     -1.08389412
     -0.43278246     -0.97970851
     -1.36207271     -1.14345036
      0.57768702      1.88660182
     -0.83274401      0.60057142
      0.44249100     -1.62078093
      0.91552815      0.48386568
     -0.68569697      1.23773773
      1.09357688     -1.49831821
     -1.49093414     -1.13471343
     -0.30784725      1.81625678
     -0.11627035     -1.21963522
     -1.27598988      0.96542697
      0.49327319     -1.34243929
      0.52633337      1.65016513
     -1.38811871     -0.54511705
      1.00858265      0.87550364
      1.20160666     -1.15236319
     -1.11142433      1.30017403
     -1.16042537      1.49887183
     -0.33577547      1.65672465
      0.74936141      1.33176652
     -0.39989073     -1.65227216
     -0.06196250     -1.37421638
     -0.82222829      1.27532533
     -0.97405339     -0.44198605
      1.12630413      0.71979855
     -0.64824560     -1.62515317
      1.39371856     -0.45626055
     -0.57074572     -0.87289269
      0.13971031     -1.32551241
      1.04475665     -0.22163218
      0.70982014     -1.23387794
     -1.63007584     -1.00822586
      1.00698747     -1.49264485
      0.74829404     -0.88972509
     -1.39525535      0.28036900
      1.39460438     -1.25101307
     -1.32816271      1.23238123
      0.01396034     -1.13563008
      0.14057663      1.15261940
      1.74194491     -0.33751927
      1.34255402      1.40253211
     -1.17377646     -1.35863388
      0.05493019     -1.02405443
     -0.77437195      1.18079820
     -0.65684986     -1.76126926
      1.91177204      0.49117730
      0.59070600     -1.46370617
      1.33792187      0.65294169
     -1.26654304      1.00278232
     -0.32091494     -1.14506237
      1.55873435     -1.17301982
     -1.06648966      1.32873471
     -0.52409548     -1.84017578
     -0.41003320     -1.18542231
     -0.75906354      1.68641001
      1.20087201     -0.56985393
      1.29668184      0.63585705
     -1.01742555      0.78545800
     -0.90720257      0.92784395
      0.87110110      1.46241730
     -1.08980591      0.64495490
      1.73307293     -0.30272918
     -1.94847857      0.14351542
     -0.68795974      1.53994204
      0.34189874      0.98848185
     -0.04394365     -1.48808282
     -0.94382024      0.91543256
     -1.11160997      1.29887350
      1.13839869     -0.22143521
     -0.36141297     -1.76895823
      1.37917850      1.32320909
     -0.98723113     -0.47303791
      0.44155485      1.26467219
      0.88135252     -1.58250101
      1.56239732     -0.70397010
     -1.08136366      0.20976878
      0.65124800      0.84923327
     -1.30878090      1.16415056
      0.13909637      1.82557818
      0.26351863      1.67012951
      1.20372554      0.66390789
     -0.09182714     -1.96891284
      1.62844353      0.50292832
      0.84595966      1.38734460
      1.94208067      0.43783505
      1.59933005     -0.26741295
      0.30181099      1.42164488
     -0.94334928      1.73447756
     -0.87860207      0.76913939
     -1.53084221     -1.07445971
     -0.66650092      1.54635903
     -1.19557939     -1.02931212
     -1.09768837     -0.51165821
      0.62404432      1.08152264
     -1.31306578      0.90842151
     -1.37165887     -0.92815021
     -0.16868560      1.60528731
      1.29190863     -0.89915852
     -1.95942028      0.35274741
      0.48783248      1.90939720
     -0.03486042      1.54341062
      0.63217154     -1.19192664
     -0.86304208     -0.56210607
      1.24476339     -0.07085353
     -1.72443725     -0.29007819
      0.32625553      1.08654561
      1.59921069     -0.45081355
      1.44887001      0.02110628
      0.54063208      1.41927772
      0.91340112      1.06300193
     -0.46915992      1.75679802
     -0.04233047      1.93174677
      1.46320117     -0.05360690
     -0.89681299     -0.46989962
     -1.32635890     -0.73369082
      0.90335867      1.07793211
      0.29771151      1.77018612
     -1.89401866     -0.26488281
     -1.82146697      0.74337856
     -0.72008801     -1.78887957
      1.56819832     -0.49565569
     -0.99718052      1.51086015
     -1.06079375     -0.19006670
     -1.92845864      0.02812690
      0.70289209     -1.31531079
     -1.56835316      1.13479588
     -0.28967963      1.61699620
     -1.12406234     -1.07985208
      0.38699070     -1.20800360
     -0.26455850      1.11095700
      1.57525293     -1.20106399
      1.00628740      0.58003164
      1.76950318     -0.89024653
      1.47511395     -0.99057963
     -1.35169279      1.33553841
      0.19434614      1.68457434
     -1.52402315     -0.21206566
     -1.33317498      0.57326661
      1.08080998      1.52573682
      0.95091315      0.35302138
      0.90556880      0.44970051
     -0.54977815     -1.45390954
     -1.04131345     -0.74471808
      0.42867788     -0.92752769
      0.96507731     -1.44375718
     -0.33491272     -1.75309941
     -0.02756206      1.24891986
     -0.48745374     -1.10233813
     -0.66198940      1.13924736
      0.68288802      1.76996639
     -1.22453450     -0.40739799
     -1.69652612     -0.11296381
     -1.08493589     -1.16602846
     -1.09319309      0.02318195
     -1.50510589      0.62099026
      0.83254588      1.73403868
      0.87075001      1.37174417
      0.27245435     -1.05636714
      1.50192741     -0.55213330
     -1.81354440      0.66902205
     -1.50293075      1.01632673
     -0.56341573      1.14564585
      0.21225595     -1.89339916
      1.49843602     -0.12907930
      0.81105904     -1.10254702
      1.36022042     -0.26859196
     -1.35640242     -0.60944589
      0.72826544     -1.22728074
      1.28674632     -0.49658286
      0.68033976     -1.56276046
      0.56529624     -1.39334675
      0.88244410     -1.06379849
     -0.61759835      1.69209245
      0.34520079     -1.74512146
     -1.10403271      0.93655105
     -1.12262302      1.65047840
      0.67268460      1.36090430
      0.11684247      1.48322708
      1.49184435     -1.29784244
      0.09518636     -1.27475271
      1.51219685      0.60022172
     -1.77466784      0.17664436
      1.30755161     -0.30734812
      1.21606792     -0.72889512
      0.58253794      1.89063379
     -0.38394405      1.96200149
     -1.22812963      1.54075446
      0.47998882     -1.54846588
      0.70692256     -0.82684413
     -1.49366443      0.18204643
     -0.78816199      1.13372726
     -1.05355779     -1.41327824
     -1.31724011      0.68463971
     -1.61276404     -0.94262231
      1.36992019     -0.17594341
      0.40116623      1.62409230
     -0.65330556     -1.23747535
     -1.07403868      0.70638384
      0.07416415     -1.48277068
      1.26761760     -0.88943101
      0.64826786      1.63178798
     -0.29492485      1.64483239
     -0.82781642      1.41128708
      0.19418223     -1.10282339
      0.32062262     -1.43108274
     -0.97640603     -1.28264385
      1.36184732      1.19435840
      1.52572896     -1.20533996
      0.72148930      1.49128297
      0.26128042      1.42410208
      0.45689649      1.11586889
     -1.07958409     -0.36989602
     -0.25303138      1.66988276
      1.47209902     -1.12577418
     -0.60237830      1.02185544
      0.94269991     -0.62747073
     -1.71374398     -0.34126529
     -0.79553839      1.23044863
      1.25596462      0.32850844
     -1.30132247      1.51780594
     -1.68511141     -0.53025894
      0.43818624      1.11488123
      0.00194917      1.11593240
     -1.49290367      0.60854959
      0.14555082     -1.68212326
     -0.12398230      1.61784692
      1.32429482     -0.76144543
     -1.04463765     -1.25473562
     -1.40614399      0.53467884
      0.71990712     -1.10748143
      0.56486743     -1.15763927
     -1.32236042     -1.39177122
      0.25826144      1.10260940
     -1.95666720      0.20322579
      1.27580485      0.56675710
     -1.86273920      0.55016790
     -1.76874203     -0.78075028
     -1.51880389     -0.21281107
     -0.74612923      0.82526860
     -0.48576451      1.22458388
      1.25748739      0.08386626
     -0.71348116     -1.48435145
     -0.07781984     -1.04490751
     -0.37337890     -1.94344023
     -0.77343499      0.93248672
     -0.60212352     -1.43030866
      1.28293006     -0.55921488
      1.04451409      1.69428439
     -0.14748676      1.12278511
      1.38079789     -0.11371771
     -1.01664299      1.14365993
     -1.00638647     -0.21255890
      1.60741105      0.46859545
     -1.33518130      0.55297018
      0.20787797      1.71363206
     -0.81872646      1.55971704
      1.88009135      0.55857542
      1.34784594     -0.39474893
      0.65202564      0.90072805
      0.21058619      1.80189532
      1.43447895      1.14135514
      0.15268743      1.31475950
      1.69643482     -0.40725530
     -0.29110537     -1.86837272
      1.23830451     -1.50479847
      0.90174320     -1.61895488
      1.36702554     -0.12385957
     -1.78286941      0.56074128
      0.34747559     -1.09035426
     -0.13576005     -1.70934586
     -1.28622610      0.46656324
      0.63366362     -1.10710338
      1.01316838      1.47532249
     -1.91661238      0.23887813
      0.96114014     -1.58423560
      1.45461767     -1.08844333
     -0.33918736     -1.56544992
     -0.91255736     -1.01558344
     -0.98096038      1.52416151
     -0.72824040     -1.77702891
     -0.75721105      0.98363818
     -0.39640471     -1.51752007
      0.36687109     -0.99366216
      1.38306248      0.89160326
      1.74665191     -0.43083196
      0.26860312     -1.87420415
     -0.99516578      0.24159694
      1.85962636      0.43103551
      1.71628537      1.02200600
     -1.20698224     -0.57569490
      0.34606906     -1.28119549
      0.45609554      1.63452594
     -1.46320819     -0.15918436
     -1.21624664      1.27577601
     -0.72391589      1.19002707
      0.28666733      1.31205174
      1.16653045      1.32782131
      1.23758331      0.12396371
      1.97511964      0.11911596
      1.36519777     -0.94015932
      1.42385566      1.18694939
     -1.39891907      0.11953878
     -1.86726835     -0.48825683
     -1.72304139     -0.65609815
      0.49487401      1.49046148
      1.76323526      0.04493722
     -0.19845110      1.75843945
     -1.56913571     -1.00355402
      1.38638765     -0.92672254
     -0.73657661      1.13700859
      1.19043150      1.02820683
      0.02458682     -1.31703763
      1.20438853      0.17796716
      0.07231124      1.53829309
      0.56231136     -1.60402065
     -1.15177945      0.90690461
     -1.00670942      1.15904263
     -0.87709489      1.41442335
      0.96910221     -1.67404547
     -0.14295830     -1.59539429
      1.09970367      1.26294435
     -1.61867421     -0.99236017
     -1.91484511      0.31634089
      1.57124623      0.26995935
      0.72025755      1.28050467
      0.67336218     -0.89713155
     -1.48510505     -1.02861739
      0.86663873      1.07577159
      0.95399391      0.74684052
     -0.91619498      1.20173725
     -0.05447137     -1.22542338
      1.20912764      0.29609420
     -0.94046980      0.74217493
      0.99238274     -1.50534405
     -1.92706476     -0.04090431
     -1.21007979     -0.83764649
      0.64980728     -1.38811917
     -0.07899619      1.44949484
      1.45211429      0.14007054
      1.41112024      0.83102199
     -0.77631772     -1.33811499
      0.10856909      1.25637502
      0.82298644      1.10001226
     -1.39603145      0.64072764
      1.32518952      0.03029780
      1.05509243     -0.38283328
     -1.02891467     -0.05661411
     -1.18294090      0.89388695
     -1.07907641      1.25494444
     -1.29280256     -1.26481094
     -1.56465779     -1.24396351
      0.25516594      1.51998767
     -0.45655652     -0.92055413
     -0.36935687     -1.46079470
      0.37081351     -1.72561710
      0.10973792      1.73214728
     -0.46309421      1.21079550
     -0.82634566     -0.79098331
     -0.39700928      1.02554890
      1.39645733     -0.74412423
     -1.70906131      0.13953275
      0.01430885      1.32986881
     -1.39059033     -0.05196591
     -0.32552375      1.73084446
     -0.34164748     -0.97810147
     -1.24709834     -1.12201502
      1.34310238      0.10627952
     -0.97140770      1.34380609
      1.08154925      1.30135855
     -0.62906041      1.49696625
     -1.88774643      0.14014240
      1.31138556     -0.07996218
      1.43391991     -0.03291629
     -1.75588360      0.51682225
     -0.45050665      1.22711403
      1.17645563      1.01915805
      0.43923728     -0.95145987
      1.18821915     -0.84340427
      1.41320816      1.37350782
     -1.45099724      0.90747168
